kernel line : count latency dram_traffic smem_bk_conflicts smem_warp gmem_access_generated gmem_warp exposed_latency warp_divergence
LSTM_L2_50_100.1.sm_75.ptx 738 : 64 256 0 0 0 64 64 0 0 
LSTM_L2_50_100.1.sm_75.ptx 715 : 64 320 0 0 0 0 0 0 0 
LSTM_L2_50_100.1.sm_75.ptx 713 : 64 15298 0 0 0 64 64 0 0 
LSTM_L2_50_100.1.sm_75.ptx 709 : 64 192 0 0 0 0 0 0 0 
LSTM_L2_50_100.1.sm_75.ptx 642 : 32768 570336 0 0 0 0 0 0 0 
LSTM_L2_50_100.1.sm_75.ptx 641 : 32768 4658144 0 0 0 0 0 0 0 
LSTM_L2_50_100.1.sm_75.ptx 640 : 32768 4624672 0 0 0 0 0 0 0 
LSTM_L2_50_100.1.sm_75.ptx 639 : 32768 668064 0 0 0 0 0 0 0 
LSTM_L2_50_100.1.sm_75.ptx 638 : 32768 4638944 0 0 0 0 0 0 0 
LSTM_L2_50_100.1.sm_75.ptx 637 : 32768 667936 0 0 0 0 0 0 0 
LSTM_L2_50_100.1.sm_75.ptx 636 : 32768 4680096 0 0 0 0 0 0 0 
LSTM_L2_50_100.1.sm_75.ptx 609 : 32768 267936 0 0 0 0 0 0 0 
LSTM_L2_50_100.1.sm_75.ptx 601 : 32768 5527232 0 0 0 0 0 0 0 
LSTM_L2_50_100.1.sm_75.ptx 600 : 32768 8405600 0 0 0 0 0 0 0 
LSTM_L2_50_100.1.sm_75.ptx 595 : 32768 0 0 0 0 0 0 0 0 
LSTM_L2_50_100.1.sm_75.ptx 581 : 32768 1229 0 0 0 0 0 0 128 
LSTM_L2_50_100.1.sm_75.ptx 580 : 32768 303968 0 0 0 0 0 0 0 
LSTM_L2_50_100.1.sm_75.ptx 579 : 32768 291136 0 0 0 0 0 0 0 
LSTM_L2_50_100.1.sm_75.ptx 577 : 32768 0 0 0 0 0 0 0 0 
LSTM_L2_50_100.1.sm_75.ptx 576 : 32768 311776 0 0 0 0 0 0 0 
LSTM_L2_50_100.1.sm_75.ptx 575 : 32768 611520 0 0 0 0 0 0 0 
LSTM_L2_50_100.1.sm_75.ptx 574 : 32768 6279296 0 0 0 0 0 0 0 
LSTM_L2_50_100.1.sm_75.ptx 573 : 32768 9037024 0 0 0 8192 1024 0 0 
LSTM_L2_50_100.1.sm_75.ptx 572 : 32768 6114496 0 0 0 0 0 0 0 
LSTM_L2_50_100.1.sm_75.ptx 571 : 32768 9210688 0 0 0 8192 1024 0 0 
LSTM_L2_50_100.1.sm_75.ptx 570 : 32768 616832 0 0 0 0 0 0 0 
LSTM_L2_50_100.1.sm_75.ptx 569 : 32768 430144 0 0 0 0 0 0 0 
LSTM_L2_50_100.1.sm_75.ptx 568 : 32768 217888 0 0 0 0 0 0 0 
LSTM_L2_50_100.1.sm_75.ptx 567 : 32768 614432 0 0 0 0 0 0 0 
LSTM_L2_50_100.1.sm_75.ptx 566 : 32768 492704 0 0 0 0 0 0 0 
LSTM_L2_50_100.1.sm_75.ptx 565 : 32768 255872 0 0 0 0 0 0 0 
LSTM_L2_50_100.1.sm_75.ptx 564 : 32768 695392 0 0 0 0 0 0 0 
LSTM_L2_50_100.1.sm_75.ptx 563 : 32768 834880 0 0 0 0 0 0 0 
LSTM_L2_50_100.1.sm_75.ptx 560 : 32640 6451025 0 0 0 0 0 0 0 
LSTM_L2_50_100.1.sm_75.ptx 558 : 32768 1016 0 0 0 0 0 0 128 
LSTM_L2_50_100.1.sm_75.ptx 557 : 32768 379456 0 0 0 0 0 0 0 
LSTM_L2_50_100.1.sm_75.ptx 556 : 32768 302976 0 0 0 0 0 0 0 
LSTM_L2_50_100.1.sm_75.ptx 554 : 32768 0 0 0 0 0 0 0 0 
LSTM_L2_50_100.1.sm_75.ptx 553 : 32768 564288 0 0 0 0 0 0 0 
LSTM_L2_50_100.1.sm_75.ptx 552 : 32768 355360 0 0 0 0 0 0 0 
LSTM_L2_50_100.1.sm_75.ptx 551 : 32768 719904 0 0 0 0 0 0 0 
LSTM_L2_50_100.1.sm_75.ptx 550 : 32768 6087168 0 0 0 0 0 0 0 
LSTM_L2_50_100.1.sm_75.ptx 549 : 32768 9520480 0 0 0 8192 1024 0 0 
LSTM_L2_50_100.1.sm_75.ptx 548 : 32768 6077664 0 0 0 0 0 0 0 
LSTM_L2_50_100.1.sm_75.ptx 547 : 32768 8505504 0 0 0 8192 1024 0 0 
LSTM_L2_50_100.1.sm_75.ptx 546 : 32768 573312 0 0 0 0 0 0 0 
LSTM_L2_50_100.1.sm_75.ptx 545 : 32768 443936 0 0 0 0 0 0 0 
LSTM_L2_50_100.1.sm_75.ptx 544 : 32768 212160 0 0 0 0 0 0 0 
LSTM_L2_50_100.1.sm_75.ptx 543 : 32768 569184 0 0 0 0 0 0 0 
LSTM_L2_50_100.1.sm_75.ptx 542 : 32768 409952 0 0 0 0 0 0 0 
LSTM_L2_50_100.1.sm_75.ptx 541 : 32768 230784 0 0 0 0 0 0 0 
LSTM_L2_50_100.1.sm_75.ptx 540 : 32768 697856 0 0 0 0 0 0 0 
LSTM_L2_50_100.1.sm_75.ptx 539 : 32768 600096 0 0 0 0 0 0 0 
LSTM_L2_50_100.1.sm_75.ptx 477 : 32768 1140032 0 0 0 0 0 0 0 
LSTM_L2_50_100.1.sm_75.ptx 476 : 32768 5925504 0 0 0 0 0 0 0 
LSTM_L2_50_100.1.sm_75.ptx 475 : 32768 5809568 0 0 0 0 0 0 0 
LSTM_L2_50_100.1.sm_75.ptx 474 : 32768 1101056 0 0 0 0 0 0 0 
LSTM_L2_50_100.1.sm_75.ptx 473 : 32768 5657632 0 0 0 0 0 0 0 
LSTM_L2_50_100.1.sm_75.ptx 472 : 32768 1066976 0 0 0 0 0 0 0 
LSTM_L2_50_100.1.sm_75.ptx 471 : 32768 5605344 0 0 0 0 0 0 0 
LSTM_L2_50_100.1.sm_75.ptx 470 : 32768 1012896 0 0 0 0 0 0 0 
LSTM_L2_50_100.1.sm_75.ptx 469 : 32768 5537088 0 0 0 0 0 0 0 
LSTM_L2_50_100.1.sm_75.ptx 468 : 32768 836384 0 0 0 0 0 0 0 
LSTM_L2_50_100.1.sm_75.ptx 467 : 32768 5481536 0 0 0 0 0 0 0 
LSTM_L2_50_100.1.sm_75.ptx 466 : 32768 810464 0 0 0 0 0 0 0 
LSTM_L2_50_100.1.sm_75.ptx 465 : 32768 5418528 0 0 0 0 0 0 0 
LSTM_L2_50_100.1.sm_75.ptx 251 : 32768 873248 0 0 0 0 0 0 0 
LSTM_L2_50_100.1.sm_75.ptx 250 : 32768 5015840 0 0 0 0 0 0 0 
LSTM_L2_50_100.1.sm_75.ptx 249 : 32768 5047232 0 0 0 0 0 0 0 
LSTM_L2_50_100.1.sm_75.ptx 248 : 32768 1183328 0 0 0 0 0 0 0 
LSTM_L2_50_100.1.sm_75.ptx 247 : 32768 5078080 0 0 0 0 0 0 0 
LSTM_L2_50_100.1.sm_75.ptx 246 : 32768 1220320 0 0 0 0 0 0 0 
LSTM_L2_50_100.1.sm_75.ptx 245 : 32768 5186336 0 0 0 0 0 0 0 
LSTM_L2_50_100.1.sm_75.ptx 244 : 32768 1213760 0 0 0 0 0 0 0 
LSTM_L2_50_100.1.sm_75.ptx 243 : 32768 5246976 0 0 0 0 0 0 0 
LSTM_L2_50_100.1.sm_75.ptx 242 : 32768 1235776 0 0 0 0 0 0 0 
LSTM_L2_50_100.1.sm_75.ptx 241 : 32768 5240800 0 0 0 0 0 0 0 
LSTM_L2_50_100.1.sm_75.ptx 240 : 32768 1199584 0 0 0 0 0 0 0 
LSTM_L2_50_100.1.sm_75.ptx 239 : 32768 5441248 0 0 0 0 0 0 0 
LSTM_L2_50_100.1.sm_75.ptx 238 : 32768 1315008 0 0 0 0 0 0 0 
LSTM_L2_50_100.1.sm_75.ptx 237 : 32768 5395104 0 0 0 0 0 0 0 
LSTM_L2_50_100.1.sm_75.ptx 236 : 32768 1303904 0 0 0 0 0 0 0 
LSTM_L2_50_100.1.sm_75.ptx 235 : 32768 5584544 0 0 0 0 0 0 0 
LSTM_L2_50_100.1.sm_75.ptx 234 : 32768 1177856 0 0 0 0 0 0 0 
LSTM_L2_50_100.1.sm_75.ptx 233 : 32768 5691552 0 0 0 0 0 0 0 
LSTM_L2_50_100.1.sm_75.ptx 232 : 32768 1152032 0 0 0 0 0 0 0 
LSTM_L2_50_100.1.sm_75.ptx 231 : 32768 5671936 0 0 0 0 0 0 0 
LSTM_L2_50_100.1.sm_75.ptx 230 : 32768 1037760 0 0 0 0 0 0 0 
LSTM_L2_50_100.1.sm_75.ptx 229 : 32768 5679552 0 0 0 0 0 0 0 
LSTM_L2_50_100.1.sm_75.ptx 228 : 32768 748704 0 0 0 0 0 0 0 
LSTM_L2_50_100.1.sm_75.ptx 227 : 32768 1043328 0 0 0 0 0 0 0 
LSTM_L2_50_100.1.sm_75.ptx 226 : 32768 7084736 0 0 0 0 0 0 0 
LSTM_L2_50_100.1.sm_75.ptx 222 : 32768 1006848 0 0 0 0 0 0 0 
LSTM_L2_50_100.1.sm_75.ptx 736 : 64 192 0 0 0 0 0 0 0 
LSTM_L2_50_100.1.sm_75.ptx 195 : 32768 789120 0 0 0 0 0 0 0 
LSTM_L2_50_100.1.sm_75.ptx 452 : 32768 5069696 0 0 0 0 0 0 0 
LSTM_L2_50_100.1.sm_75.ptx 194 : 32768 7770944 0 0 0 0 0 0 0 
LSTM_L2_50_100.1.sm_75.ptx 734 : 1600 7680 0 0 0 0 0 0 0 
LSTM_L2_50_100.1.sm_75.ptx 193 : 32768 7665280 0 0 0 8184 1024 0 0 
LSTM_L2_50_100.1.sm_75.ptx 316 : 32768 666176 0 0 0 0 0 0 0 
LSTM_L2_50_100.1.sm_75.ptx 730 : 1600 14400 0 0 0 0 0 0 0 
LSTM_L2_50_100.1.sm_75.ptx 189 : 32768 5509504 0 0 0 0 0 0 0 
LSTM_L2_50_100.1.sm_75.ptx 446 : 32768 376896 0 0 0 0 0 0 0 
LSTM_L2_50_100.1.sm_75.ptx 314 : 32768 610784 0 0 0 0 0 0 0 
LSTM_L2_50_100.1.sm_75.ptx 728 : 1600 57600 0 0 0 1600 1600 0 0 
LSTM_L2_50_100.1.sm_75.ptx 187 : 32768 8980320 4096 0 0 8157 1024 0 0 
LSTM_L2_50_100.1.sm_75.ptx 444 : 32768 321632 0 0 0 0 0 0 0 
LSTM_L2_50_100.1.sm_75.ptx 313 : 32768 704128 0 0 0 0 0 0 0 
LSTM_L2_50_100.1.sm_75.ptx 597 : 32768 6722464 0 0 0 0 0 0 0 
LSTM_L2_50_100.1.sm_75.ptx 56 : 32768 444736 0 0 0 0 0 0 0 
LSTM_L2_50_100.1.sm_75.ptx 727 : 1600 56000 0 1600 1600 0 0 0 0 
LSTM_L2_50_100.1.sm_75.ptx 186 : 32768 710944 0 0 0 0 0 0 0 
LSTM_L2_50_100.1.sm_75.ptx 725 : 1600 57600 0 0 0 1600 1600 0 0 
LSTM_L2_50_100.1.sm_75.ptx 184 : 32768 601984 0 0 0 0 0 0 0 
LSTM_L2_50_100.1.sm_75.ptx 441 : 32768 518336 0 0 0 0 0 0 0 
LSTM_L2_50_100.1.sm_75.ptx 723 : 1600 110400 0 0 0 0 0 0 0 
LSTM_L2_50_100.1.sm_75.ptx 182 : 32768 356000 0 0 0 0 0 0 0 
LSTM_L2_50_100.1.sm_75.ptx 439 : 32768 596864 0 0 0 0 0 0 0 
LSTM_L2_50_100.1.sm_75.ptx 722 : 1600 57600 0 0 0 1600 1600 0 0 
LSTM_L2_50_100.1.sm_75.ptx 181 : 32768 348128 0 0 0 0 0 0 0 
LSTM_L2_50_100.1.sm_75.ptx 611 : 32768 409664 0 0 0 0 0 0 0 
LSTM_L2_50_100.1.sm_75.ptx 70 : 32768 885504 0 0 0 0 0 0 0 
LSTM_L2_50_100.1.sm_75.ptx 327 : 64 1232 0 0 0 0 0 0 0 
LSTM_L2_50_100.1.sm_75.ptx 737 : 64 384 0 0 0 0 0 0 0 
LSTM_L2_50_100.1.sm_75.ptx 196 : 32768 0 0 0 0 0 0 0 0 
LSTM_L2_50_100.1.sm_75.ptx 453 : 32768 553248 0 0 0 0 0 0 0 
LSTM_L2_50_100.1.sm_75.ptx 69 : 32768 7786240 0 0 0 0 0 0 0 
LSTM_L2_50_100.1.sm_75.ptx 326 : 64 384 0 0 0 0 0 0 0 
LSTM_L2_50_100.1.sm_75.ptx 733 : 1600 9600 0 0 0 0 0 0 0 
LSTM_L2_50_100.1.sm_75.ptx 192 : 32768 685888 0 0 0 0 0 0 0 
LSTM_L2_50_100.1.sm_75.ptx 606 : 32768 522944 0 0 0 0 0 0 0 
LSTM_L2_50_100.1.sm_75.ptx 65 : 32768 573216 0 0 0 0 0 0 0 
LSTM_L2_50_100.1.sm_75.ptx 322 : 32768 196608 0 0 0 0 0 0 0 
LSTM_L2_50_100.1.sm_75.ptx 732 : 1600 17600 0 0 0 0 0 0 0 
LSTM_L2_50_100.1.sm_75.ptx 191 : 32768 7857024 4096 0 0 8156 1024 0 0 
LSTM_L2_50_100.1.sm_75.ptx 448 : 32768 423424 0 0 0 0 0 0 0 
LSTM_L2_50_100.1.sm_75.ptx 64 : 32768 505440 0 0 0 0 0 0 0 
LSTM_L2_50_100.1.sm_75.ptx 321 : 32768 348640 0 0 0 0 0 0 0 
LSTM_L2_50_100.1.sm_75.ptx 731 : 1600 16000 0 0 0 0 0 0 0 
LSTM_L2_50_100.1.sm_75.ptx 190 : 32768 1112480 0 0 0 0 0 0 0 
LSTM_L2_50_100.1.sm_75.ptx 447 : 32768 383936 0 0 0 0 0 0 0 
LSTM_L2_50_100.1.sm_75.ptx 604 : 32768 526944 0 0 0 0 0 0 0 
LSTM_L2_50_100.1.sm_75.ptx 63 : 32768 489120 0 0 0 0 0 0 0 
LSTM_L2_50_100.1.sm_75.ptx 320 : 32768 255296 0 2048 1024 0 0 0 0 
LSTM_L2_50_100.1.sm_75.ptx 315 : 32768 644800 0 0 0 0 0 0 0 
LSTM_L2_50_100.1.sm_75.ptx 58 : 32768 515808 0 0 0 0 0 0 0 
LSTM_L2_50_100.1.sm_75.ptx 729 : 1600 110400 0 0 0 0 0 0 0 
LSTM_L2_50_100.1.sm_75.ptx 188 : 32768 6884544 0 0 0 0 0 0 0 
LSTM_L2_50_100.1.sm_75.ptx 61 : 32768 357728 0 0 0 0 0 0 0 
LSTM_L2_50_100.1.sm_75.ptx 318 : 32768 686880 0 0 0 0 0 0 0 
LSTM_L2_50_100.1.sm_75.ptx 726 : 1600 110400 0 0 0 0 0 0 0 
LSTM_L2_50_100.1.sm_75.ptx 185 : 32768 9120480 4288 0 0 8173 1024 0 0 
LSTM_L2_50_100.1.sm_75.ptx 198 : 32768 399104 0 0 0 0 0 0 0 
LSTM_L2_50_100.1.sm_75.ptx 455 : 32768 5180800 0 0 0 0 0 0 0 
LSTM_L2_50_100.1.sm_75.ptx 612 : 32768 364000 0 0 0 0 0 0 0 
LSTM_L2_50_100.1.sm_75.ptx 71 : 32768 899808 0 0 0 0 0 0 0 
LSTM_L2_50_100.1.sm_75.ptx 328 : 64 1333 0 0 0 0 0 0 0 
LSTM_L2_50_100.1.sm_75.ptx 160 : 32768 10849728 4096 0 0 8178 1024 0 0 
LSTM_L2_50_100.1.sm_75.ptx 417 : 819200 11011456 0 0 0 0 0 0 0 
LSTM_L2_50_100.1.sm_75.ptx 199 : 32768 423424 0 0 0 0 0 0 0 
LSTM_L2_50_100.1.sm_75.ptx 456 : 32768 923584 0 0 0 0 0 0 0 
LSTM_L2_50_100.1.sm_75.ptx 613 : 32768 406752 0 0 0 0 0 0 0 
LSTM_L2_50_100.1.sm_75.ptx 72 : 32768 5585056 0 0 0 0 0 0 0 
LSTM_L2_50_100.1.sm_75.ptx 329 : 64 8800 0 0 0 64 64 0 0 
LSTM_L2_50_100.1.sm_75.ptx 161 : 32768 679296 0 0 0 0 0 0 0 
LSTM_L2_50_100.1.sm_75.ptx 418 : 819200 9847744 0 0 0 0 0 0 0 
LSTM_L2_50_100.1.sm_75.ptx 724 : 1600 56000 0 1600 1600 0 0 0 0 
LSTM_L2_50_100.1.sm_75.ptx 183 : 32768 372512 0 0 0 0 0 0 0 
LSTM_L2_50_100.1.sm_75.ptx 741 : 32768 165248 0 0 0 0 0 0 0 
LSTM_L2_50_100.1.sm_75.ptx 200 : 32768 0 0 0 0 0 0 0 0 
LSTM_L2_50_100.1.sm_75.ptx 457 : 32768 5407904 0 0 0 0 0 0 0 
LSTM_L2_50_100.1.sm_75.ptx 73 : 32768 1170272 0 0 0 0 0 0 0 
LSTM_L2_50_100.1.sm_75.ptx 330 : 64 734 0 0 0 0 0 0 0 
LSTM_L2_50_100.1.sm_75.ptx 162 : 32768 11833408 4096 0 0 8187 1024 0 0 
LSTM_L2_50_100.1.sm_75.ptx 419 : 819200 12235392 0 0 0 0 0 0 0 
LSTM_L2_50_100.1.sm_75.ptx 74 : 32768 5861024 0 0 0 0 0 0 0 
LSTM_L2_50_100.1.sm_75.ptx 331 : 64 395 0 0 0 0 0 0 0 
LSTM_L2_50_100.1.sm_75.ptx 586 : 32768 8799552 0 0 0 8192 1024 0 0 
LSTM_L2_50_100.1.sm_75.ptx 45 : 32768 339808 0 0 0 0 0 0 0 
LSTM_L2_50_100.1.sm_75.ptx 704 : 32768 4683264 0 0 0 0 0 0 0 
LSTM_L2_50_100.1.sm_75.ptx 163 : 32768 7759008 0 0 0 0 0 0 0 
LSTM_L2_50_100.1.sm_75.ptx 420 : 819200 9979296 0 0 0 0 0 0 0 
LSTM_L2_50_100.1.sm_75.ptx 202 : 32768 8480640 0 0 0 0 0 0 0 
LSTM_L2_50_100.1.sm_75.ptx 459 : 32768 5465600 0 0 0 0 0 0 0 
LSTM_L2_50_100.1.sm_75.ptx 75 : 32768 1339552 0 0 0 0 0 0 0 
LSTM_L2_50_100.1.sm_75.ptx 714 : 64 320 0 0 0 0 0 0 0 
LSTM_L2_50_100.1.sm_75.ptx 173 : 32768 6242400 0 0 0 0 0 0 0 
LSTM_L2_50_100.1.sm_75.ptx 430 : 32768 158464 0 0 0 0 0 0 0 
LSTM_L2_50_100.1.sm_75.ptx 587 : 32768 5850400 0 0 0 0 0 0 0 
LSTM_L2_50_100.1.sm_75.ptx 46 : 32768 336800 0 0 0 0 0 0 0 
LSTM_L2_50_100.1.sm_75.ptx 705 : 32768 226976 0 2048 1024 0 0 0 0 
LSTM_L2_50_100.1.sm_75.ptx 164 : 32768 498592 0 0 0 0 0 0 0 
LSTM_L2_50_100.1.sm_75.ptx 421 : 819200 10241504 0 0 0 0 0 0 0 
LSTM_L2_50_100.1.sm_75.ptx 617 : 32768 4918336 0 0 0 0 0 0 0 
LSTM_L2_50_100.1.sm_75.ptx 76 : 32768 6267584 0 0 0 0 0 0 0 
LSTM_L2_50_100.1.sm_75.ptx 588 : 32768 8461376 0 0 0 8192 1024 0 0 
LSTM_L2_50_100.1.sm_75.ptx 47 : 32768 334816 0 0 0 0 0 0 0 
LSTM_L2_50_100.1.sm_75.ptx 706 : 32768 305760 0 0 0 0 0 0 0 
LSTM_L2_50_100.1.sm_75.ptx 165 : 32768 294464 0 0 0 0 0 0 0 
LSTM_L2_50_100.1.sm_75.ptx 422 : 819200 6152320 0 0 0 0 0 0 0 
LSTM_L2_50_100.1.sm_75.ptx 618 : 32768 495968 0 0 0 0 0 0 0 
LSTM_L2_50_100.1.sm_75.ptx 77 : 32768 1420704 0 0 0 0 0 0 0 
LSTM_L2_50_100.1.sm_75.ptx 334 : 1600 56050 0 1600 1600 0 0 0 0 
LSTM_L2_50_100.1.sm_75.ptx 589 : 32768 5377216 0 0 0 0 0 0 0 
LSTM_L2_50_100.1.sm_75.ptx 48 : 32768 311296 0 0 0 0 0 0 0 
LSTM_L2_50_100.1.sm_75.ptx 707 : 32768 163520 0 0 0 0 0 0 64 
LSTM_L2_50_100.1.sm_75.ptx 166 : 32768 467584 0 0 0 0 0 0 0 
LSTM_L2_50_100.1.sm_75.ptx 423 : 819200 4986240 0 0 0 0 0 0 0 
LSTM_L2_50_100.1.sm_75.ptx 205 : 32768 8812064 0 0 0 0 0 0 0 
LSTM_L2_50_100.1.sm_75.ptx 462 : 32768 1127904 0 0 0 0 0 0 0 
LSTM_L2_50_100.1.sm_75.ptx 619 : 32768 323040 0 0 0 0 0 0 0 
LSTM_L2_50_100.1.sm_75.ptx 78 : 32768 6104640 0 0 0 0 0 0 0 
LSTM_L2_50_100.1.sm_75.ptx 335 : 1600 209909 0 0 0 1600 1600 0 0 
LSTM_L2_50_100.1.sm_75.ptx 176 : 32768 615232 0 0 0 0 0 0 0 
LSTM_L2_50_100.1.sm_75.ptx 433 : 32768 8988256 512 0 0 8192 1024 0 0 
LSTM_L2_50_100.1.sm_75.ptx 590 : 32768 628672 0 0 0 0 0 0 0 
LSTM_L2_50_100.1.sm_75.ptx 49 : 32768 23795648 4096 0 0 8192 1024 0 0 
LSTM_L2_50_100.1.sm_75.ptx 167 : 32768 0 0 0 0 0 0 0 0 
LSTM_L2_50_100.1.sm_75.ptx 206 : 32768 1992896 0 0 0 0 0 0 0 
LSTM_L2_50_100.1.sm_75.ptx 463 : 32768 5529600 0 0 0 0 0 0 0 
LSTM_L2_50_100.1.sm_75.ptx 620 : 32768 5113536 0 0 0 0 0 0 0 
LSTM_L2_50_100.1.sm_75.ptx 79 : 32768 1701504 0 0 0 0 0 0 0 
LSTM_L2_50_100.1.sm_75.ptx 336 : 1600 110400 0 0 0 0 0 0 0 
LSTM_L2_50_100.1.sm_75.ptx 718 : 1600 56000 0 1600 1600 0 0 0 0 
LSTM_L2_50_100.1.sm_75.ptx 177 : 32768 458112 0 0 0 0 0 0 0 
LSTM_L2_50_100.1.sm_75.ptx 434 : 32768 5643104 0 0 0 0 0 0 0 
LSTM_L2_50_100.1.sm_75.ptx 591 : 32768 0 0 0 0 0 0 0 0 
LSTM_L2_50_100.1.sm_75.ptx 50 : 32768 223840 0 0 0 0 0 0 0 
LSTM_L2_50_100.1.sm_75.ptx 719 : 1600 382402 0 0 0 1600 1600 0 0 
LSTM_L2_50_100.1.sm_75.ptx 178 : 32768 373376 0 0 0 0 0 0 0 
LSTM_L2_50_100.1.sm_75.ptx 435 : 32768 10298176 0 0 0 8192 1024 0 0 
LSTM_L2_50_100.1.sm_75.ptx 51 : 32768 425344 0 0 0 0 0 0 0 
LSTM_L2_50_100.1.sm_75.ptx 583 : 32640 6277290 0 0 0 0 0 0 0 
LSTM_L2_50_100.1.sm_75.ptx 42 : 32768 536576 0 0 0 0 0 0 0 
LSTM_L2_50_100.1.sm_75.ptx 710 : 64 384 0 0 0 0 0 0 0 
LSTM_L2_50_100.1.sm_75.ptx 169 : 32768 330496 0 0 0 0 0 0 0 
LSTM_L2_50_100.1.sm_75.ptx 426 : 32768 482528 0 0 0 0 0 0 0 
LSTM_L2_50_100.1.sm_75.ptx 720 : 1600 110400 0 0 0 0 0 0 0 
LSTM_L2_50_100.1.sm_75.ptx 179 : 32768 348928 0 0 0 0 0 0 0 
LSTM_L2_50_100.1.sm_75.ptx 436 : 32768 5531584 0 0 0 0 0 0 0 
LSTM_L2_50_100.1.sm_75.ptx 593 : 32768 274656 0 0 0 0 0 0 0 
LSTM_L2_50_100.1.sm_75.ptx 52 : 32768 32213728 4096 0 0 8192 1024 0 0 
LSTM_L2_50_100.1.sm_75.ptx 43 : 32768 398528 0 0 0 0 0 0 0 
LSTM_L2_50_100.1.sm_75.ptx 711 : 64 192 0 0 0 0 0 0 0 
LSTM_L2_50_100.1.sm_75.ptx 170 : 32768 350720 0 0 0 0 0 0 0 
LSTM_L2_50_100.1.sm_75.ptx 427 : 32768 200416 0 0 0 0 0 0 0 
LSTM_L2_50_100.1.sm_75.ptx 721 : 1600 56000 0 1600 1600 0 0 0 0 
LSTM_L2_50_100.1.sm_75.ptx 180 : 32768 540096 0 0 0 0 0 0 0 
LSTM_L2_50_100.1.sm_75.ptx 594 : 32768 276288 0 0 0 0 0 0 0 
LSTM_L2_50_100.1.sm_75.ptx 53 : 32768 14007936 0 0 0 0 0 0 0 
LSTM_L2_50_100.1.sm_75.ptx 44 : 32768 438272 0 0 0 0 0 0 0 
LSTM_L2_50_100.1.sm_75.ptx 712 : 64 384 0 0 0 0 0 0 0 
LSTM_L2_50_100.1.sm_75.ptx 171 : 32768 0 0 0 0 0 0 0 0 
LSTM_L2_50_100.1.sm_75.ptx 428 : 32768 362272 0 0 0 0 0 0 0 
LSTM_L2_50_100.1.sm_75.ptx 207 : 32768 562656 0 0 0 0 0 0 0 
LSTM_L2_50_100.1.sm_75.ptx 464 : 32768 1024032 0 0 0 0 0 0 0 
LSTM_L2_50_100.1.sm_75.ptx 621 : 32768 735264 0 0 0 0 0 0 0 
LSTM_L2_50_100.1.sm_75.ptx 80 : 32768 6114016 0 0 0 0 0 0 0 
LSTM_L2_50_100.1.sm_75.ptx 337 : 1600 56000 0 1600 1600 0 0 0 0 
LSTM_L2_50_100.1.sm_75.ptx 208 : 32768 723104 0 0 0 0 0 0 0 
LSTM_L2_50_100.1.sm_75.ptx 622 : 32768 5051520 0 0 0 0 0 0 0 
LSTM_L2_50_100.1.sm_75.ptx 81 : 32768 1704928 0 0 0 0 0 0 0 
LSTM_L2_50_100.1.sm_75.ptx 338 : 1600 57600 0 0 0 1600 1600 0 0 
LSTM_L2_50_100.1.sm_75.ptx 209 : 32768 977856 0 0 0 0 0 0 0 
LSTM_L2_50_100.1.sm_75.ptx 623 : 32768 802208 0 0 0 0 0 0 0 
LSTM_L2_50_100.1.sm_75.ptx 82 : 32768 5861856 0 0 0 0 0 0 0 
LSTM_L2_50_100.1.sm_75.ptx 339 : 1600 110400 0 0 0 0 0 0 0 
LSTM_L2_50_100.1.sm_75.ptx 210 : 32768 6309984 0 0 0 0 0 0 0 
LSTM_L2_50_100.1.sm_75.ptx 624 : 32768 5103840 0 0 0 0 0 0 0 
LSTM_L2_50_100.1.sm_75.ptx 83 : 32768 1796832 0 0 0 0 0 0 0 
LSTM_L2_50_100.1.sm_75.ptx 340 : 1600 56000 0 1600 1600 0 0 0 0 
LSTM_L2_50_100.1.sm_75.ptx 625 : 32768 790368 0 0 0 0 0 0 0 
LSTM_L2_50_100.1.sm_75.ptx 84 : 32768 5548576 0 0 0 0 0 0 0 
LSTM_L2_50_100.1.sm_75.ptx 341 : 1600 57600 0 0 0 1600 1600 0 0 
LSTM_L2_50_100.1.sm_75.ptx 626 : 32768 4986208 0 0 0 0 0 0 0 
LSTM_L2_50_100.1.sm_75.ptx 85 : 32768 1709568 0 0 0 0 0 0 0 
LSTM_L2_50_100.1.sm_75.ptx 342 : 1600 110400 0 0 0 0 0 0 0 
LSTM_L2_50_100.1.sm_75.ptx 213 : 32768 701824 0 0 0 0 0 0 0 
LSTM_L2_50_100.1.sm_75.ptx 627 : 32768 779520 0 0 0 0 0 0 0 
LSTM_L2_50_100.1.sm_75.ptx 86 : 32768 6000288 0 0 0 0 0 0 0 
LSTM_L2_50_100.1.sm_75.ptx 343 : 1600 56000 0 1600 1600 0 0 0 0 
LSTM_L2_50_100.1.sm_75.ptx 628 : 32768 4892096 0 0 0 0 0 0 0 
LSTM_L2_50_100.1.sm_75.ptx 87 : 32768 1642944 0 0 0 0 0 0 0 
LSTM_L2_50_100.1.sm_75.ptx 344 : 1600 57600 0 0 0 1600 1600 0 0 
LSTM_L2_50_100.1.sm_75.ptx 215 : 32768 880512 0 0 0 0 0 0 0 
LSTM_L2_50_100.1.sm_75.ptx 629 : 32768 690432 0 0 0 0 0 0 0 
LSTM_L2_50_100.1.sm_75.ptx 88 : 32768 5678208 0 0 0 0 0 0 0 
LSTM_L2_50_100.1.sm_75.ptx 345 : 1600 110400 0 0 0 0 0 0 0 
LSTM_L2_50_100.1.sm_75.ptx 630 : 32768 4812832 0 0 0 0 0 0 0 
LSTM_L2_50_100.1.sm_75.ptx 89 : 32768 1537344 0 0 0 0 0 0 0 
LSTM_L2_50_100.1.sm_75.ptx 346 : 1600 14400 0 0 0 0 0 0 0 
LSTM_L2_50_100.1.sm_75.ptx 631 : 32768 645312 0 0 0 0 0 0 0 
LSTM_L2_50_100.1.sm_75.ptx 90 : 32768 5697184 0 0 0 0 0 0 0 
LSTM_L2_50_100.1.sm_75.ptx 347 : 1600 16000 0 0 0 0 0 0 0 
LSTM_L2_50_100.1.sm_75.ptx 218 : 32768 487552 0 0 0 0 0 0 0 
LSTM_L2_50_100.1.sm_75.ptx 632 : 32768 4812000 0 0 0 0 0 0 0 
LSTM_L2_50_100.1.sm_75.ptx 91 : 32768 1401952 0 0 0 0 0 0 0 
LSTM_L2_50_100.1.sm_75.ptx 348 : 1600 17600 0 0 0 0 0 0 0 
LSTM_L2_50_100.1.sm_75.ptx 633 : 32768 606400 0 0 0 0 0 0 0 
LSTM_L2_50_100.1.sm_75.ptx 92 : 32768 6138656 0 0 0 0 0 0 0 
LSTM_L2_50_100.1.sm_75.ptx 349 : 1600 9600 0 0 0 0 0 0 0 
LSTM_L2_50_100.1.sm_75.ptx 220 : 32768 930720 0 0 0 0 0 0 0 
LSTM_L2_50_100.1.sm_75.ptx 634 : 32768 4658208 0 0 0 0 0 0 0 
LSTM_L2_50_100.1.sm_75.ptx 93 : 32768 5863104 0 0 0 0 0 0 0 
LSTM_L2_50_100.1.sm_75.ptx 350 : 1600 7680 0 0 0 0 0 0 0 
LSTM_L2_50_100.1.sm_75.ptx 221 : 32768 1006304 0 0 0 0 0 0 0 
LSTM_L2_50_100.1.sm_75.ptx 635 : 32768 662272 0 0 0 0 0 0 0 
LSTM_L2_50_100.1.sm_75.ptx 94 : 32768 1005216 0 0 0 0 0 0 0 
LSTM_L2_50_100.1.sm_75.ptx 156 : 32768 890688 0 0 0 0 0 0 0 
LSTM_L2_50_100.1.sm_75.ptx 413 : 819200 99473024 0 0 0 0 0 0 0 
LSTM_L2_50_100.1.sm_75.ptx 157 : 32768 841440 0 0 0 0 0 0 0 
LSTM_L2_50_100.1.sm_75.ptx 414 : 819200 261710560 21472 0 0 204800 25600 0 0 
LSTM_L2_50_100.1.sm_75.ptx 158 : 32768 889792 0 0 0 0 0 0 0 
LSTM_L2_50_100.1.sm_75.ptx 415 : 819200 98909984 0 0 0 0 0 0 0 
LSTM_L2_50_100.1.sm_75.ptx 159 : 32768 671360 0 0 0 0 0 0 0 
LSTM_L2_50_100.1.sm_75.ptx 416 : 819200 19218240 0 0 0 0 0 0 0 
LSTM_L2_50_100.1.sm_75.ptx 317 : 32768 371488 0 0 0 0 0 0 0 
LSTM_L2_50_100.1.sm_75.ptx 319 : 32768 5664064 0 0 0 0 0 0 0 
LSTM_L2_50_100.1.sm_75.ptx 323 : 32768 163520 0 0 0 0 0 0 64 
LSTM_L2_50_100.1.sm_75.ptx 325 : 64 192 0 0 0 0 0 0 0 
LSTM_L2_50_100.1.sm_75.ptx 357 : 32768 165632 0 0 0 0 0 0 0 
LSTM_L2_50_100.1.sm_75.ptx 358 : 32768 580992 0 0 0 0 0 0 0 
LSTM_L2_50_100.1.sm_75.ptx 359 : 32768 378336 0 0 0 0 0 0 0 
LSTM_L2_50_100.1.sm_75.ptx 360 : 32768 404064 0 0 0 0 0 0 0 
LSTM_L2_50_100.1.sm_75.ptx 361 : 32768 412544 0 0 0 0 0 0 0 
LSTM_L2_50_100.1.sm_75.ptx 362 : 32768 255840 0 0 0 0 0 0 0 
LSTM_L2_50_100.1.sm_75.ptx 363 : 32768 201760 0 0 0 0 0 0 0 
LSTM_L2_50_100.1.sm_75.ptx 364 : 32768 197344 0 0 0 0 0 0 0 
LSTM_L2_50_100.1.sm_75.ptx 365 : 32768 197184 0 0 0 0 0 0 0 
LSTM_L2_50_100.1.sm_75.ptx 366 : 32768 195424 0 0 0 0 0 0 0 
LSTM_L2_50_100.1.sm_75.ptx 352 : 64 192 0 0 0 0 0 0 0 
LSTM_L2_50_100.1.sm_75.ptx 353 : 64 384 0 0 0 0 0 0 0 
LSTM_L2_50_100.1.sm_75.ptx 354 : 64 256 0 0 0 64 64 0 0 
LSTM_L2_50_100.1.sm_75.ptx 367 : 32768 344064 0 0 0 0 0 0 0 
LSTM_L2_50_100.1.sm_75.ptx 368 : 32768 294912 0 0 0 0 0 0 0 
LSTM_L2_50_100.1.sm_75.ptx 369 : 32768 553344 0 0 0 0 0 0 0 
LSTM_L2_50_100.1.sm_75.ptx 370 : 32768 378176 0 0 0 0 0 0 0 
LSTM_L2_50_100.1.sm_75.ptx 371 : 32768 372544 0 0 0 0 0 0 0 
LSTM_L2_50_100.1.sm_75.ptx 372 : 32768 387712 0 0 0 0 0 0 0 
LSTM_L2_50_100.1.sm_75.ptx 373 : 32768 282688 0 0 0 0 0 0 0 
LSTM_L2_50_100.1.sm_75.ptx 374 : 32768 240672 0 0 0 0 0 0 0 
LSTM_L2_50_100.1.sm_75.ptx 375 : 32768 327680 0 0 0 0 0 0 0 
LSTM_L2_50_100.1.sm_75.ptx 376 : 32768 203456 0 0 0 0 0 0 0 
LSTM_L2_50_100.1.sm_75.ptx 377 : 32768 359200 0 0 0 0 0 0 0 
LSTM_L2_50_100.1.sm_75.ptx 380 : 819200 249112992 31936 0 0 204800 25600 0 0 
LSTM_L2_50_100.1.sm_75.ptx 381 : 819200 31355872 0 25600 25600 0 0 0 0 
LSTM_L2_50_100.1.sm_75.ptx 382 : 819200 100102400 0 0 0 0 0 0 0 
LSTM_L2_50_100.1.sm_75.ptx 383 : 819200 266208736 22048 0 0 204800 25600 0 0 
LSTM_L2_50_100.1.sm_75.ptx 384 : 819200 100121952 0 0 0 0 0 0 0 
LSTM_L2_50_100.1.sm_75.ptx 385 : 819200 268312704 21952 0 0 204797 25600 0 0 
LSTM_L2_50_100.1.sm_75.ptx 386 : 819200 98637024 0 0 0 0 0 0 0 
LSTM_L2_50_100.1.sm_75.ptx 387 : 819200 263419520 21472 0 0 204797 25600 0 0 
LSTM_L2_50_100.1.sm_75.ptx 388 : 819200 101233344 0 0 0 0 0 0 0 
LSTM_L2_50_100.1.sm_75.ptx 389 : 819200 258581792 40192 0 0 204787 25600 0 0 
LSTM_L2_50_100.1.sm_75.ptx 390 : 819200 33114144 0 25600 25600 0 0 0 0 
LSTM_L2_50_100.1.sm_75.ptx 391 : 819200 102593664 0 0 0 0 0 0 0 
LSTM_L2_50_100.1.sm_75.ptx 392 : 819200 260861376 20192 0 0 204790 25600 0 0 
LSTM_L2_50_100.1.sm_75.ptx 393 : 819200 103016640 0 0 0 0 0 0 0 
LSTM_L2_50_100.1.sm_75.ptx 394 : 819200 262168512 20032 0 0 204788 25600 0 0 
LSTM_L2_50_100.1.sm_75.ptx 395 : 819200 101776896 0 0 0 0 0 0 0 
LSTM_L2_50_100.1.sm_75.ptx 396 : 819200 260112064 19872 0 0 204780 25600 0 0 
LSTM_L2_50_100.1.sm_75.ptx 397 : 819200 100599328 0 0 0 0 0 0 0 
LSTM_L2_50_100.1.sm_75.ptx 398 : 819200 263046912 35104 0 0 204791 25600 0 0 
LSTM_L2_50_100.1.sm_75.ptx 399 : 819200 33639392 0 25600 25600 0 0 0 0 
LSTM_L2_50_100.1.sm_75.ptx 400 : 819200 100187456 0 0 0 0 0 0 0 
LSTM_L2_50_100.1.sm_75.ptx 401 : 819200 263593856 19744 0 0 204799 25600 0 0 
LSTM_L2_50_100.1.sm_75.ptx 402 : 819200 100900768 0 0 0 0 0 0 0 
LSTM_L2_50_100.1.sm_75.ptx 403 : 819200 262989376 20416 0 0 204785 25600 0 0 
LSTM_L2_50_100.1.sm_75.ptx 404 : 819200 100591136 0 0 0 0 0 0 0 
LSTM_L2_50_100.1.sm_75.ptx 405 : 819200 259859648 20480 0 0 204788 25600 0 0 
LSTM_L2_50_100.1.sm_75.ptx 406 : 819200 98976064 0 0 0 0 0 0 0 
LSTM_L2_50_100.1.sm_75.ptx 407 : 819200 265978176 36736 0 0 204799 25600 0 0 
LSTM_L2_50_100.1.sm_75.ptx 408 : 819200 32999488 0 25600 25600 0 0 0 0 
LSTM_L2_50_100.1.sm_75.ptx 409 : 819200 98049984 0 0 0 0 0 0 0 
LSTM_L2_50_100.1.sm_75.ptx 410 : 819200 267753792 21312 0 0 204800 25600 0 0 
LSTM_L2_50_100.1.sm_75.ptx 411 : 819200 99285888 0 0 0 0 0 0 0 
LSTM_L2_50_100.1.sm_75.ptx 412 : 819200 267318144 20896 0 0 204800 25600 0 0 
LSTM_L2_50_100.1.sm_75.ptx 425 : 32768 250976 0 0 0 0 0 0 0 
LSTM_L2_50_100.1.sm_75.ptx 429 : 32768 494720 0 0 0 0 0 0 0 
LSTM_L2_50_100.1.sm_75.ptx 431 : 32768 300640 0 0 0 0 0 0 0 
LSTM_L2_50_100.1.sm_75.ptx 432 : 32768 481440 0 0 0 0 0 0 0 
LSTM_L2_50_100.1.sm_75.ptx 454 : 32768 379040 0 0 0 0 0 0 0 
LSTM_L2_50_100.1.sm_75.ptx 458 : 32768 1080256 0 0 0 0 0 0 0 
LSTM_L2_50_100.1.sm_75.ptx 460 : 32768 1051616 0 0 0 0 0 0 0 
LSTM_L2_50_100.1.sm_75.ptx 461 : 32768 5750112 0 0 0 0 0 0 0 
