kernel line : count latency dram_traffic smem_bk_conflicts smem_warp gmem_access_generated gmem_warp exposed_latency warp_divergence
spmv_vector.1.sm_75.ptx 712 : 30720 167712 0 0 0 0 0 0 0 
spmv_vector.1.sm_75.ptx 675 : 6523599 14158333 0 0 0 0 0 0 45967 
spmv_vector.1.sm_75.ptx 674 : 6523599 45341802 0 0 0 0 0 0 0 
spmv_vector.1.sm_75.ptx 673 : 6523599 72185640 0 0 0 0 0 0 0 
spmv_vector.1.sm_75.ptx 672 : 6523599 68452166 0 0 0 0 0 0 0 
spmv_vector.1.sm_75.ptx 671 : 6523599 88781217 0 0 0 0 0 0 0 
spmv_vector.1.sm_75.ptx 670 : 6523599 78457667 0 0 0 0 0 0 0 
spmv_vector.1.sm_75.ptx 669 : 6523599 5366445244 0 0 0 0 0 0 0 
spmv_vector.1.sm_75.ptx 668 : 6523599 4013174462 19107936 0 0 1278752 390783 0 0 
spmv_vector.1.sm_75.ptx 613 : 31996639 200066256 0 0 0 0 0 0 0 
spmv_vector.1.sm_75.ptx 612 : 31996639 294902453 0 0 0 0 0 0 0 
spmv_vector.1.sm_75.ptx 611 : 31996639 298672659 0 0 0 0 0 0 0 
spmv_vector.1.sm_75.ptx 609 : 77561136 259116529 0 0 0 0 0 0 2064772 
spmv_vector.1.sm_75.ptx 608 : 77561136 504590368 0 0 0 0 0 0 0 
spmv_vector.1.sm_75.ptx 607 : 77561136 503789280 0 0 0 0 0 0 0 
spmv_vector.1.sm_75.ptx 606 : 77561136 3010813584 0 2423786 2423786 0 0 0 0 
spmv_vector.1.sm_75.ptx 605 : 77561136 752669680 0 0 0 0 0 0 0 
spmv_vector.1.sm_75.ptx 604 : 77561136 3359805120 0 2423786 2423786 0 0 0 0 
spmv_vector.1.sm_75.ptx 601 : 9695142 133100740 0 2423786 2423786 0 0 0 0 
spmv_vector.1.sm_75.ptx 600 : 9695142 4988451536 48301024 0 0 3635678 2423786 0 0 
spmv_vector.1.sm_75.ptx 599 : 9695142 90691294 0 0 0 0 0 0 0 
spmv_vector.1.sm_75.ptx 598 : 9695142 90358018 0 0 0 0 0 0 0 
spmv_vector.1.sm_75.ptx 597 : 9695142 91497350 0 0 0 0 0 0 0 
spmv_vector.1.sm_75.ptx 595 : 77561136 405227522 0 0 0 0 0 0 2423786 
spmv_vector.1.sm_75.ptx 592 : 30720 224640 0 0 0 0 0 0 0 
spmv_vector.1.sm_75.ptx 591 : 30720 234240 0 0 0 0 0 0 0 
spmv_vector.1.sm_75.ptx 590 : 30720 244800 0 0 0 0 0 0 0 
spmv_vector.1.sm_75.ptx 589 : 30720 214080 0 0 0 0 0 0 0 
spmv_vector.1.sm_75.ptx 588 : 30720 234240 0 0 0 0 0 0 0 
spmv_vector.1.sm_75.ptx 587 : 30720 254400 0 0 0 0 0 0 0 
spmv_vector.1.sm_75.ptx 586 : 30720 330240 0 0 0 0 0 0 0 
spmv_vector.1.sm_75.ptx 585 : 30720 475200 0 0 0 0 0 0 0 
spmv_vector.1.sm_75.ptx 567 : 30720 195840 0 0 0 0 0 0 0 
spmv_vector.1.sm_75.ptx 694 : 77561136 714587376 0 0 0 0 0 0 0 
spmv_vector.1.sm_75.ptx 566 : 30720 215040 0 0 0 0 0 0 0 
spmv_vector.1.sm_75.ptx 693 : 77561136 3174117632 0 2423786 2423786 0 0 0 0 
spmv_vector.1.sm_75.ptx 565 : 30720 330240 0 0 0 0 0 0 0 
spmv_vector.1.sm_75.ptx 692 : 77561136 442004400 0 0 0 0 0 0 0 
spmv_vector.1.sm_75.ptx 564 : 30720 334080 0 0 0 0 0 0 0 
spmv_vector.1.sm_75.ptx 691 : 77561136 497618240 0 2423786 2423786 0 0 0 0 
spmv_vector.1.sm_75.ptx 563 : 30720 184320 0 0 0 0 0 0 0 
spmv_vector.1.sm_75.ptx 690 : 77561136 713074992 0 0 0 0 0 0 0 
spmv_vector.1.sm_75.ptx 621 : 30313276 286956397 0 0 0 0 0 0 0 
spmv_vector.1.sm_75.ptx 562 : 30720 184320 0 0 0 0 0 0 0 
spmv_vector.1.sm_75.ptx 689 : 77561136 3188946160 0 2423786 2423786 0 0 0 0 
spmv_vector.1.sm_75.ptx 561 : 30720 207360 0 0 0 0 0 0 0 
spmv_vector.1.sm_75.ptx 688 : 77561136 444818480 0 0 0 0 0 0 0 
spmv_vector.1.sm_75.ptx 619 : 31996639 10307834 0 0 0 0 0 0 182856 
spmv_vector.1.sm_75.ptx 560 : 30720 317760 0 0 0 0 0 0 0 
spmv_vector.1.sm_75.ptx 687 : 77561136 514173088 0 2423786 2423786 0 0 0 0 
spmv_vector.1.sm_75.ptx 618 : 31996639 208466487 0 0 0 0 0 0 0 
spmv_vector.1.sm_75.ptx 559 : 30720 405120 0 0 0 0 0 0 0 
spmv_vector.1.sm_75.ptx 686 : 77561136 718857296 0 0 0 0 0 0 0 
spmv_vector.1.sm_75.ptx 617 : 31996639 209407661 0 0 0 0 0 0 0 
spmv_vector.1.sm_75.ptx 558 : 30720 399360 0 0 0 0 0 0 0 
spmv_vector.1.sm_75.ptx 685 : 77561136 3235056336 0 2423786 2423786 0 0 0 0 
spmv_vector.1.sm_75.ptx 616 : 31996639 205994700 0 0 0 0 0 0 0 
spmv_vector.1.sm_75.ptx 557 : 30720 399360 0 0 0 0 0 0 0 
spmv_vector.1.sm_75.ptx 684 : 77561136 467905968 0 0 0 0 0 0 0 
spmv_vector.1.sm_75.ptx 615 : 31996639 200616204 0 0 0 0 0 0 0 
spmv_vector.1.sm_75.ptx 556 : 30720 399360 0 0 0 0 0 0 0 
spmv_vector.1.sm_75.ptx 683 : 77561136 580510944 0 2423786 2423786 0 0 0 0 
spmv_vector.1.sm_75.ptx 614 : 31996639 295901470 0 0 0 0 0 0 0 
spmv_vector.1.sm_75.ptx 555 : 30720 866880 0 0 0 0 0 0 0 
spmv_vector.1.sm_75.ptx 682 : 77561136 737960112 0 0 0 0 0 0 0 
spmv_vector.1.sm_75.ptx 584 : 30720 232320 0 0 0 0 0 0 0 
spmv_vector.1.sm_75.ptx 568 : 30720 238080 0 0 0 0 0 0 0 
spmv_vector.1.sm_75.ptx 695 : 77561136 488894016 0 2423786 2423786 0 0 0 0 
spmv_vector.1.sm_75.ptx 569 : 30720 438720 0 0 0 0 0 0 0 
spmv_vector.1.sm_75.ptx 696 : 77561136 435332080 0 0 0 0 0 0 0 
spmv_vector.1.sm_75.ptx 570 : 30720 239040 0 0 0 0 0 0 0 
spmv_vector.1.sm_75.ptx 697 : 77561136 397795455 0 0 0 0 0 0 2423786 
spmv_vector.1.sm_75.ptx 571 : 30720 184320 0 0 0 0 0 0 0 
spmv_vector.1.sm_75.ptx 572 : 30720 0 0 0 0 0 0 0 0 
spmv_vector.1.sm_75.ptx 699 : 4847571 196534908 0 2423786 2423786 0 0 0 0 
spmv_vector.1.sm_75.ptx 574 : 30720 374400 0 0 0 0 0 0 0 
spmv_vector.1.sm_75.ptx 701 : 4847571 49267243 0 0 0 0 0 0 0 
spmv_vector.1.sm_75.ptx 575 : 30720 231360 0 0 0 0 0 0 0 
spmv_vector.1.sm_75.ptx 702 : 4847571 2426095535 19390304 0 0 2423786 2423786 0 0 
spmv_vector.1.sm_75.ptx 576 : 30720 223680 0 0 0 0 0 0 0 
spmv_vector.1.sm_75.ptx 703 : 4847571 50905757 0 0 0 0 0 0 0 
spmv_vector.1.sm_75.ptx 577 : 30720 193920 0 0 0 0 0 0 0 
spmv_vector.1.sm_75.ptx 704 : 4847571 64489578 0 0 0 2423786 2423786 0 0 
spmv_vector.1.sm_75.ptx 578 : 30720 402240 0 0 0 0 0 0 0 
spmv_vector.1.sm_75.ptx 579 : 30720 234240 0 0 0 0 0 0 0 
spmv_vector.1.sm_75.ptx 580 : 30720 316800 0 0 0 0 0 0 0 
spmv_vector.1.sm_75.ptx 707 : 77561136 913120912 0 0 0 0 0 0 0 
spmv_vector.1.sm_75.ptx 581 : 30720 232320 0 0 0 0 0 0 0 
spmv_vector.1.sm_75.ptx 708 : 77561136 545482720 0 0 0 0 0 0 0 
spmv_vector.1.sm_75.ptx 582 : 30720 205440 0 0 0 0 0 0 0 
spmv_vector.1.sm_75.ptx 709 : 77561136 465056656 0 0 0 0 0 0 1 
spmv_vector.1.sm_75.ptx 583 : 30720 373440 0 0 0 0 0 0 0 
spmv_vector.1.sm_75.ptx 622 : 30313276 288626557 0 0 0 0 0 0 0 
spmv_vector.1.sm_75.ptx 678 : 77561136 1210119232 0 2423786 2423786 0 0 0 0 
spmv_vector.1.sm_75.ptx 623 : 30313276 18495786064 153589440 0 0 6258314 2374165 0 0 
spmv_vector.1.sm_75.ptx 679 : 77561136 553553264 0 0 0 0 0 0 0 
spmv_vector.1.sm_75.ptx 624 : 30313276 318437055 0 0 0 0 0 0 0 
spmv_vector.1.sm_75.ptx 625 : 30313276 18625464794 153588480 0 0 6258314 2374165 0 0 
spmv_vector.1.sm_75.ptx 626 : 30313276 28999354720 0 0 0 0 0 0 0 
spmv_vector.1.sm_75.ptx 627 : 30313276 464732509 0 0 0 0 0 0 0 
spmv_vector.1.sm_75.ptx 628 : 30313276 542275727 0 0 0 0 0 0 0 
spmv_vector.1.sm_75.ptx 629 : 30313276 264394625 0 0 0 0 0 0 0 
spmv_vector.1.sm_75.ptx 630 : 30313276 146954079 0 0 0 0 0 0 632541 
spmv_vector.1.sm_75.ptx 647 : 31996639 223766579 0 0 0 0 0 0 0 
spmv_vector.1.sm_75.ptx 648 : 31996639 172655009 0 0 0 0 0 0 201506 
spmv_vector.1.sm_75.ptx 632 : 9098186 5072038078 28465984 0 0 1953819 702021 0 0 
spmv_vector.1.sm_75.ptx 650 : 3973749 37560368 0 0 0 0 0 0 0 
spmv_vector.1.sm_75.ptx 651 : 3973749 40424116 0 0 0 0 0 0 0 
spmv_vector.1.sm_75.ptx 652 : 3973749 40767396 0 0 0 0 0 0 0 
spmv_vector.1.sm_75.ptx 633 : 9098186 5036267700 28463872 0 0 1953819 702021 0 0 
spmv_vector.1.sm_75.ptx 655 : 6523599 4103537203 24494720 0 0 1278752 390783 0 0 
spmv_vector.1.sm_75.ptx 634 : 9098186 7850739346 0 0 0 0 0 0 0 
spmv_vector.1.sm_75.ptx 656 : 6523599 5360810436 0 0 0 0 0 0 0 
spmv_vector.1.sm_75.ptx 657 : 6523599 4317235352 24487136 0 0 1278752 390783 0 0 
spmv_vector.1.sm_75.ptx 635 : 9098186 119415452 0 0 0 0 0 0 0 
spmv_vector.1.sm_75.ptx 636 : 9098186 133322387 0 0 0 0 0 0 0 
spmv_vector.1.sm_75.ptx 637 : 9098186 72396938 0 0 0 0 0 0 0 
spmv_vector.1.sm_75.ptx 638 : 9098186 38656162 0 0 0 0 0 0 250247 
spmv_vector.1.sm_75.ptx 640 : 2969533 1493967289 10097408 0 0 697863 316637 0 0 
spmv_vector.1.sm_75.ptx 641 : 2969533 1486005568 10095840 0 0 697863 316637 0 0 
spmv_vector.1.sm_75.ptx 642 : 2969533 2420809529 0 0 0 0 0 0 0 
spmv_vector.1.sm_75.ptx 658 : 6523599 82468391 0 0 0 0 0 0 0 
spmv_vector.1.sm_75.ptx 659 : 6523599 4096662751 23400448 0 0 1278752 390783 0 0 
spmv_vector.1.sm_75.ptx 660 : 6523599 4067391322 23400320 0 0 1278752 390783 0 0 
spmv_vector.1.sm_75.ptx 680 : 77561136 476740144 0 0 0 0 0 0 0 
spmv_vector.1.sm_75.ptx 681 : 77561136 3487946112 0 2423786 2423786 0 0 0 0 
spmv_vector.1.sm_75.ptx 700 : 4847571 49491387 0 0 0 0 0 0 0 
spmv_vector.1.sm_75.ptx 643 : 2969533 37142081 0 0 0 0 0 0 0 
spmv_vector.1.sm_75.ptx 644 : 2969533 40511536 0 0 0 0 0 0 0 
spmv_vector.1.sm_75.ptx 661 : 6523599 5349724487 0 0 0 0 0 0 0 
spmv_vector.1.sm_75.ptx 662 : 6523599 82215113 0 0 0 0 0 0 0 
spmv_vector.1.sm_75.ptx 663 : 6523599 4096255061 23400480 0 0 1278752 390783 0 0 
spmv_vector.1.sm_75.ptx 664 : 6523599 4056409602 23400320 0 0 1278752 390783 0 0 
spmv_vector.1.sm_75.ptx 665 : 6523599 5370829973 0 0 0 0 0 0 0 
spmv_vector.1.sm_75.ptx 666 : 6523599 80227520 0 0 0 0 0 0 0 
spmv_vector.1.sm_75.ptx 667 : 6523599 4058625527 19110560 0 0 1278752 390783 0 0 
