kernel line : count latency dram_traffic smem_bk_conflicts smem_warp gmem_access_generated gmem_warp exposed_latency warp_divergence
spmv_base.1.sm_75.ptx 130 : 55040 320800 0 0 0 0 0 0 0 
spmv_base.1.sm_75.ptx 127 : 54870 391096 0 0 0 6859 1715 0 0 
spmv_base.1.sm_75.ptx 124 : 308056 35453305 0 0 0 0 0 0 4959 
spmv_base.1.sm_75.ptx 123 : 308056 15319095 0 0 0 0 0 0 0 
spmv_base.1.sm_75.ptx 122 : 308056 5671510 0 0 0 0 0 0 0 
spmv_base.1.sm_75.ptx 121 : 308056 16021550 0 0 0 0 0 0 0 
spmv_base.1.sm_75.ptx 120 : 308056 80715621 0 0 0 0 0 0 0 
spmv_base.1.sm_75.ptx 119 : 308056 32031400 0 0 0 0 0 0 0 
spmv_base.1.sm_75.ptx 118 : 308056 1655948728 7924160 0 0 308049 12265 0 0 
spmv_base.1.sm_75.ptx 117 : 308056 1037617619 707936 0 0 76701 12265 0 0 
spmv_base.1.sm_75.ptx 116 : 308056 23407179 0 0 0 0 0 0 0 
spmv_base.1.sm_75.ptx 115 : 308056 86837949 0 0 0 0 0 0 0 
spmv_base.1.sm_75.ptx 114 : 308056 1674588879 8043712 0 0 308049 12265 0 0 
spmv_base.1.sm_75.ptx 113 : 308056 39506918 0 0 0 0 0 0 0 
spmv_base.1.sm_75.ptx 112 : 308056 1721284205 8177952 0 0 308051 12265 0 0 
spmv_base.1.sm_75.ptx 111 : 308056 1089822917 691456 0 0 71538 12265 0 0 
spmv_base.1.sm_75.ptx 110 : 308056 33121767 0 0 0 0 0 0 0 
spmv_base.1.sm_75.ptx 109 : 308056 101687255 0 0 0 0 0 0 0 
spmv_base.1.sm_75.ptx 108 : 308056 1711714947 8227072 0 0 308051 12265 0 0 
spmv_base.1.sm_75.ptx 107 : 308056 39109702 0 0 0 0 0 0 0 
spmv_base.1.sm_75.ptx 106 : 308056 1743384064 8327936 0 0 308050 12265 0 0 
spmv_base.1.sm_75.ptx 105 : 308056 1139517624 742720 0 0 77081 12265 0 0 
spmv_base.1.sm_75.ptx 104 : 308056 30976333 0 0 0 0 0 0 0 
spmv_base.1.sm_75.ptx 103 : 308056 107038813 0 0 0 0 0 0 0 
spmv_base.1.sm_75.ptx 102 : 308056 1721973931 8321152 0 0 308050 12265 0 0 
spmv_base.1.sm_75.ptx 101 : 308056 39426917 0 0 0 0 0 0 0 
spmv_base.1.sm_75.ptx 100 : 308056 1727494295 8441952 0 0 308049 12265 0 0 
spmv_base.1.sm_75.ptx 58 : 54869 604509 0 0 0 0 0 0 0 
spmv_base.1.sm_75.ptx 56 : 54870 5 0 0 0 0 0 0 1 
spmv_base.1.sm_75.ptx 55 : 54870 1402564 0 0 0 0 0 0 0 
spmv_base.1.sm_75.ptx 54 : 54870 55497212 89504 0 0 15432 1715 0 0 
spmv_base.1.sm_75.ptx 53 : 54870 56044380 349504 0 0 13718 1715 0 0 
spmv_base.1.sm_75.ptx 52 : 54870 1827526 0 0 0 0 0 0 0 
spmv_base.1.sm_75.ptx 51 : 54870 1049766 0 0 0 0 0 0 0 
spmv_base.1.sm_75.ptx 50 : 54870 37279914 96608 0 0 6859 1715 0 0 
spmv_base.1.sm_75.ptx 49 : 54870 870342 0 0 0 0 0 0 0 
spmv_base.1.sm_75.ptx 48 : 54870 681734 0 0 0 0 0 0 0 
spmv_base.1.sm_75.ptx 47 : 54870 412292 0 0 0 0 0 0 0 
spmv_base.1.sm_75.ptx 46 : 54870 367972 0 0 0 0 0 0 0 
spmv_base.1.sm_75.ptx 44 : 55040 946 0 0 0 0 0 0 1 
spmv_base.1.sm_75.ptx 43 : 55040 559392 0 0 0 0 0 0 0 
spmv_base.1.sm_75.ptx 59 : 54869 755070 0 0 0 0 0 0 0 
spmv_base.1.sm_75.ptx 30 : 55040 1395872 0 0 0 0 0 0 0 
spmv_base.1.sm_75.ptx 60 : 54869 885086 0 0 0 0 0 0 0 
spmv_base.1.sm_75.ptx 31 : 55040 1213536 0 0 0 0 0 0 0 
spmv_base.1.sm_75.ptx 90 : 54862 1316286 0 0 0 0 0 0 0 
spmv_base.1.sm_75.ptx 32 : 55040 731488 0 0 0 0 0 0 0 
spmv_base.1.sm_75.ptx 91 : 54862 2251422 0 0 0 0 0 0 0 
spmv_base.1.sm_75.ptx 33 : 55040 729536 0 0 0 0 0 0 0 
spmv_base.1.sm_75.ptx 92 : 54862 3479422 0 0 0 0 0 0 0 
spmv_base.1.sm_75.ptx 34 : 55040 728480 0 0 0 0 0 0 0 
spmv_base.1.sm_75.ptx 93 : 54862 1201196 0 0 0 0 0 0 0 
spmv_base.1.sm_75.ptx 35 : 55040 744352 0 0 0 0 0 0 0 
spmv_base.1.sm_75.ptx 36 : 55040 587424 0 0 0 0 0 0 0 
spmv_base.1.sm_75.ptx 37 : 55040 365120 0 0 0 0 0 0 0 
spmv_base.1.sm_75.ptx 96 : 308056 1675710797 8375040 0 0 308049 12265 0 0 
spmv_base.1.sm_75.ptx 38 : 55040 339872 0 0 0 0 0 0 0 
spmv_base.1.sm_75.ptx 97 : 308056 91841333 0 0 0 0 0 0 0 
spmv_base.1.sm_75.ptx 39 : 55040 338752 0 0 0 0 0 0 0 
spmv_base.1.sm_75.ptx 98 : 308056 24483693 0 0 0 0 0 0 0 
spmv_base.1.sm_75.ptx 40 : 55040 334624 0 0 0 0 0 0 0 
spmv_base.1.sm_75.ptx 99 : 308056 1113526375 754944 0 0 74227 12265 0 0 
spmv_base.1.sm_75.ptx 41 : 55040 379328 0 0 0 0 0 0 0 
spmv_base.1.sm_75.ptx 42 : 55040 621152 0 0 0 0 0 0 0 
spmv_base.1.sm_75.ptx 61 : 54869 478174 0 0 0 0 0 0 0 
spmv_base.1.sm_75.ptx 62 : 54869 171812 0 0 0 0 0 0 1715 
spmv_base.1.sm_75.ptx 64 : 37842 390642 0 0 0 0 0 0 0 
spmv_base.1.sm_75.ptx 65 : 37842 782621 0 0 0 0 0 0 0 
spmv_base.1.sm_75.ptx 66 : 37842 502549 0 0 0 0 0 0 0 
spmv_base.1.sm_75.ptx 67 : 37842 564780 0 0 0 0 0 0 0 
spmv_base.1.sm_75.ptx 71 : 79003 188247614 2017920 0 0 78987 5145 0 0 
spmv_base.1.sm_75.ptx 72 : 79003 8711630 0 0 0 0 0 0 0 
spmv_base.1.sm_75.ptx 73 : 79003 3373107 0 0 0 0 0 0 0 
spmv_base.1.sm_75.ptx 74 : 79003 158118207 296448 0 0 25294 5145 0 0 
spmv_base.1.sm_75.ptx 75 : 79003 208217245 1849312 0 0 78987 5145 0 0 
spmv_base.1.sm_75.ptx 76 : 79003 3798149 0 0 0 0 0 0 0 
spmv_base.1.sm_75.ptx 77 : 79003 6306102 0 0 0 0 0 0 0 
spmv_base.1.sm_75.ptx 78 : 79003 1707418 0 0 0 0 0 0 0 
spmv_base.1.sm_75.ptx 79 : 79003 1215263 0 0 0 0 0 0 0 
spmv_base.1.sm_75.ptx 80 : 79003 1289716 0 0 0 0 0 0 0 
spmv_base.1.sm_75.ptx 81 : 79003 2397798 0 0 0 0 0 0 0 
spmv_base.1.sm_75.ptx 82 : 79003 1409588 0 0 0 0 0 0 3430 
spmv_base.1.sm_75.ptx 85 : 54869 1413811 0 0 0 0 0 0 0 
spmv_base.1.sm_75.ptx 86 : 54869 2069949 0 0 0 0 0 0 0 
spmv_base.1.sm_75.ptx 87 : 54869 2368446 0 0 0 0 0 0 0 
spmv_base.1.sm_75.ptx 88 : 54869 37 0 0 0 0 0 0 5 
