kernel line : count latency dram_traffic smem_bk_conflicts smem_warp gmem_access_generated gmem_warp exposed_latency warp_divergence
GRU_L2_100_K1.1.sm_75.ptx 221 : 128 770 0 0 0 0 0 0 0 
GRU_L2_100_K1.1.sm_75.ptx 220 : 128 1620 0 0 0 0 0 0 0 
GRU_L2_100_K1.1.sm_75.ptx 219 : 128 768 0 0 0 0 0 0 0 
GRU_L2_100_K1.1.sm_75.ptx 218 : 128 768 0 0 0 0 0 0 0 
GRU_L2_100_K1.1.sm_75.ptx 217 : 128 9409 0 0 0 0 0 0 0 
GRU_L2_100_K1.1.sm_75.ptx 216 : 128 1066 0 0 0 0 0 0 0 
GRU_L2_100_K1.1.sm_75.ptx 215 : 128 2288 0 0 0 0 0 0 0 
GRU_L2_100_K1.1.sm_75.ptx 214 : 128 8055 0 0 0 0 0 0 0 
GRU_L2_100_K1.1.sm_75.ptx 213 : 128 14436 0 0 0 0 0 0 0 
GRU_L2_100_K1.1.sm_75.ptx 212 : 128 16381 0 0 0 0 0 0 0 
GRU_L2_100_K1.1.sm_75.ptx 211 : 128 87827 0 0 0 0 0 0 0 
GRU_L2_100_K1.1.sm_75.ptx 210 : 128 33179 0 0 0 0 0 0 0 
GRU_L2_100_K1.1.sm_75.ptx 209 : 128 3506 0 0 0 0 0 0 0 
GRU_L2_100_K1.1.sm_75.ptx 208 : 128 1157 0 0 0 0 0 0 0 
GRU_L2_100_K1.1.sm_75.ptx 191 : 128 648 0 0 0 0 0 0 0 
GRU_L2_100_K1.1.sm_75.ptx 231 : 65536 129452768 0 0 0 0 0 0 0 
GRU_L2_100_K1.1.sm_75.ptx 230 : 65536 809322464 0 0 0 65536 2048 0 0 
GRU_L2_100_K1.1.sm_75.ptx 229 : 65536 10351392 0 0 0 0 0 0 0 
GRU_L2_100_K1.1.sm_75.ptx 228 : 65536 62930144 0 0 0 0 0 0 0 
GRU_L2_100_K1.1.sm_75.ptx 227 : 65536 10099328 0 0 0 0 0 0 0 
GRU_L2_100_K1.1.sm_75.ptx 226 : 65536 94544064 0 0 0 0 0 0 0 
GRU_L2_100_K1.1.sm_75.ptx 225 : 65536 1165308192 32 0 0 65536 2048 0 0 
GRU_L2_100_K1.1.sm_75.ptx 224 : 65536 2081152 0 0 0 0 0 0 0 
GRU_L2_100_K1.1.sm_75.ptx 205 : 65408 10038502 0 0 0 0 0 0 0 
GRU_L2_100_K1.1.sm_75.ptx 204 : 65408 3552982 0 0 0 0 0 0 0 
GRU_L2_100_K1.1.sm_75.ptx 203 : 65408 3128061 0 0 0 0 0 0 0 
GRU_L2_100_K1.1.sm_75.ptx 202 : 65408 15317376 0 0 0 0 0 0 0 
GRU_L2_100_K1.1.sm_75.ptx 201 : 65408 6631805 0 0 0 0 0 0 0 
GRU_L2_100_K1.1.sm_75.ptx 200 : 65408 12575351 0 0 0 0 0 0 0 
GRU_L2_100_K1.1.sm_75.ptx 199 : 65408 9125675 0 0 0 0 0 0 0 
GRU_L2_100_K1.1.sm_75.ptx 198 : 65408 13216422 0 0 0 0 0 0 0 
GRU_L2_100_K1.1.sm_75.ptx 197 : 65408 4228765 0 0 0 0 0 0 0 
GRU_L2_100_K1.1.sm_75.ptx 196 : 65408 2490678 0 0 0 0 0 0 0 
GRU_L2_100_K1.1.sm_75.ptx 195 : 65408 3165088 0 0 0 0 0 0 0 
GRU_L2_100_K1.1.sm_75.ptx 194 : 65408 6194283 0 0 0 0 0 0 0 
GRU_L2_100_K1.1.sm_75.ptx 190 : 65536 8417190 0 0 0 0 0 0 128 
GRU_L2_100_K1.1.sm_75.ptx 189 : 65536 4951552 0 0 0 0 0 0 0 
GRU_L2_100_K1.1.sm_75.ptx 188 : 65536 45186144 0 0 0 0 0 0 0 
GRU_L2_100_K1.1.sm_75.ptx 187 : 65536 52572160 0 0 0 0 0 0 0 
GRU_L2_100_K1.1.sm_75.ptx 186 : 65536 950649664 0 0 0 65536 2048 0 0 
GRU_L2_100_K1.1.sm_75.ptx 185 : 65536 60235424 0 0 0 0 0 0 0 
GRU_L2_100_K1.1.sm_75.ptx 184 : 65536 47083968 0 0 0 0 0 0 0 
GRU_L2_100_K1.1.sm_75.ptx 183 : 65536 797237728 0 0 0 65536 2048 0 0 
GRU_L2_100_K1.1.sm_75.ptx 182 : 65536 61550528 0 0 0 0 0 0 0 
GRU_L2_100_K1.1.sm_75.ptx 181 : 65536 572341888 0 0 0 2048 2048 0 0 
GRU_L2_100_K1.1.sm_75.ptx 179 : 1638400 60760224 0 0 0 0 0 0 0 
GRU_L2_100_K1.1.sm_75.ptx 178 : 1638400 71608288 0 0 0 0 0 0 0 
GRU_L2_100_K1.1.sm_75.ptx 95 : 1638400 105588480 0 0 0 0 0 0 0 
GRU_L2_100_K1.1.sm_75.ptx 94 : 1638400 83787968 0 0 0 0 0 0 0 
GRU_L2_100_K1.1.sm_75.ptx 93 : 1638400 78196928 0 0 0 0 0 0 0 
GRU_L2_100_K1.1.sm_75.ptx 92 : 1638400 149034944 0 0 0 0 0 0 0 
GRU_L2_100_K1.1.sm_75.ptx 91 : 1638400 387165984 0 0 0 0 0 0 0 
GRU_L2_100_K1.1.sm_75.ptx 90 : 1638400 3014403040 0 0 0 0 0 0 0 
GRU_L2_100_K1.1.sm_75.ptx 89 : 1638400 3283657152 0 0 0 0 0 0 0 
GRU_L2_100_K1.1.sm_75.ptx 88 : 1638400 15416089568 60704 0 0 1638400 51200 0 0 
GRU_L2_100_K1.1.sm_75.ptx 87 : 1638400 2753683616 0 0 0 0 0 0 0 
GRU_L2_100_K1.1.sm_75.ptx 86 : 1638400 14151087968 0 0 0 51200 51200 0 0 
GRU_L2_100_K1.1.sm_75.ptx 85 : 1638400 17308371008 101984 0 0 1638400 51200 0 0 
GRU_L2_100_K1.1.sm_75.ptx 84 : 1638400 3353622816 0 0 0 0 0 0 0 
GRU_L2_100_K1.1.sm_75.ptx 83 : 1638400 15629033632 60736 0 0 1638400 51200 0 0 
GRU_L2_100_K1.1.sm_75.ptx 82 : 1638400 2712962336 0 0 0 0 0 0 0 
GRU_L2_100_K1.1.sm_75.ptx 81 : 1638400 12937998816 0 0 0 51200 51200 0 0 
GRU_L2_100_K1.1.sm_75.ptx 80 : 1638400 17065127136 293376 0 0 1638400 51200 0 0 
GRU_L2_100_K1.1.sm_75.ptx 79 : 1638400 3344199616 0 0 0 0 0 0 0 
GRU_L2_100_K1.1.sm_75.ptx 78 : 1638400 14164677280 60608 0 0 1638400 51200 0 0 
GRU_L2_100_K1.1.sm_75.ptx 77 : 1638400 2725603776 0 0 0 0 0 0 0 
GRU_L2_100_K1.1.sm_75.ptx 76 : 1638400 12634311680 0 0 0 51200 51200 0 0 
GRU_L2_100_K1.1.sm_75.ptx 75 : 1638400 15679926528 101888 0 0 1638400 51200 0 0 
GRU_L2_100_K1.1.sm_75.ptx 74 : 1638400 3340979232 0 0 0 0 0 0 0 
GRU_L2_100_K1.1.sm_75.ptx 73 : 1638400 14920798144 60640 0 0 1638400 51200 0 0 
GRU_L2_100_K1.1.sm_75.ptx 72 : 1638400 2898269504 0 0 0 0 0 0 0 
GRU_L2_100_K1.1.sm_75.ptx 71 : 1638400 15068698624 96 0 0 51200 51200 0 0 
GRU_L2_100_K1.1.sm_75.ptx 70 : 1638400 16143004288 293152 0 0 1638400 51200 0 0 
GRU_L2_100_K1.1.sm_75.ptx 67 : 65536 294213856 0 0 0 0 0 0 0 
GRU_L2_100_K1.1.sm_75.ptx 50 : 65536 457472 0 0 0 0 0 0 0 
GRU_L2_100_K1.1.sm_75.ptx 177 : 1638400 50482016 0 0 0 0 0 0 0 
GRU_L2_100_K1.1.sm_75.ptx 49 : 65536 695552 0 0 0 0 0 0 0 
GRU_L2_100_K1.1.sm_75.ptx 176 : 1638400 83134496 0 0 0 0 0 0 0 
GRU_L2_100_K1.1.sm_75.ptx 48 : 65536 876544 0 0 0 0 0 0 0 
GRU_L2_100_K1.1.sm_75.ptx 175 : 1638400 227376736 0 0 0 0 0 0 0 
GRU_L2_100_K1.1.sm_75.ptx 47 : 65536 851968 0 0 0 0 0 0 0 
GRU_L2_100_K1.1.sm_75.ptx 174 : 1638400 1859869056 0 0 0 0 0 0 0 
GRU_L2_100_K1.1.sm_75.ptx 46 : 65536 851968 0 0 0 0 0 0 0 
GRU_L2_100_K1.1.sm_75.ptx 173 : 1638400 2062409152 0 0 0 0 0 0 0 
GRU_L2_100_K1.1.sm_75.ptx 45 : 65536 851968 0 0 0 0 0 0 0 
GRU_L2_100_K1.1.sm_75.ptx 172 : 1638400 10395255584 96 0 0 1638400 51200 0 0 
GRU_L2_100_K1.1.sm_75.ptx 44 : 65536 851968 0 0 0 0 0 0 0 
GRU_L2_100_K1.1.sm_75.ptx 171 : 1638400 641313056 0 0 0 0 0 0 0 
GRU_L2_100_K1.1.sm_75.ptx 43 : 65536 851968 0 0 0 0 0 0 0 
GRU_L2_100_K1.1.sm_75.ptx 170 : 1638400 4321041600 0 51200 51200 0 0 0 0 
GRU_L2_100_K1.1.sm_75.ptx 42 : 65536 851968 0 0 0 0 0 0 0 
GRU_L2_100_K1.1.sm_75.ptx 169 : 1638400 8985321632 0 0 0 51200 51200 0 0 
GRU_L2_100_K1.1.sm_75.ptx 41 : 65536 851968 0 0 0 0 0 0 0 
GRU_L2_100_K1.1.sm_75.ptx 168 : 1638400 2269904640 0 0 0 0 0 0 0 
GRU_L2_100_K1.1.sm_75.ptx 99 : 65536 679635360 0 0 0 65536 2048 0 0 
GRU_L2_100_K1.1.sm_75.ptx 40 : 65536 851968 0 0 0 0 0 0 0 
GRU_L2_100_K1.1.sm_75.ptx 167 : 1638400 9447706304 128 0 0 1638400 51200 0 0 
GRU_L2_100_K1.1.sm_75.ptx 98 : 65536 5840832 0 0 0 0 0 0 0 
GRU_L2_100_K1.1.sm_75.ptx 39 : 65536 797760 0 0 0 0 0 0 0 
GRU_L2_100_K1.1.sm_75.ptx 166 : 1638400 615067680 0 0 0 0 0 0 0 
GRU_L2_100_K1.1.sm_75.ptx 97 : 65536 2312320 0 0 0 0 0 0 0 
GRU_L2_100_K1.1.sm_75.ptx 38 : 65536 3170304 0 0 0 0 0 0 0 
GRU_L2_100_K1.1.sm_75.ptx 165 : 1638400 4128122336 0 51200 51200 0 0 0 0 
GRU_L2_100_K1.1.sm_75.ptx 51 : 65536 393216 0 0 0 0 0 0 0 
GRU_L2_100_K1.1.sm_75.ptx 52 : 65536 393216 0 0 0 0 0 0 0 
GRU_L2_100_K1.1.sm_75.ptx 53 : 65536 393216 0 0 0 0 0 0 0 
GRU_L2_100_K1.1.sm_75.ptx 54 : 65536 393216 0 0 0 0 0 0 0 
GRU_L2_100_K1.1.sm_75.ptx 55 : 65536 393216 0 0 0 0 0 0 0 
GRU_L2_100_K1.1.sm_75.ptx 56 : 65536 393216 0 0 0 0 0 0 0 
GRU_L2_100_K1.1.sm_75.ptx 57 : 65536 688128 0 0 0 0 0 0 0 
GRU_L2_100_K1.1.sm_75.ptx 58 : 65536 471936 0 0 0 0 0 0 0 
GRU_L2_100_K1.1.sm_75.ptx 59 : 65536 852352 0 0 0 0 0 0 0 
GRU_L2_100_K1.1.sm_75.ptx 60 : 65536 503808 0 0 0 0 0 0 0 
GRU_L2_100_K1.1.sm_75.ptx 61 : 65536 678560 0 0 0 0 0 0 0 
GRU_L2_100_K1.1.sm_75.ptx 62 : 65536 707424 0 0 0 0 0 0 0 
GRU_L2_100_K1.1.sm_75.ptx 63 : 65536 739360 0 0 0 0 0 0 0 
GRU_L2_100_K1.1.sm_75.ptx 64 : 65536 40424448 0 0 0 0 0 0 0 
GRU_L2_100_K1.1.sm_75.ptx 65 : 65536 104882912 0 0 0 0 0 0 0 
GRU_L2_100_K1.1.sm_75.ptx 66 : 65536 144702368 0 0 0 0 0 0 0 
GRU_L2_100_K1.1.sm_75.ptx 100 : 65536 71168800 0 0 0 0 0 0 0 
GRU_L2_100_K1.1.sm_75.ptx 101 : 65536 598070752 0 0 0 2048 2048 0 0 
GRU_L2_100_K1.1.sm_75.ptx 102 : 65536 58159808 0 0 0 0 0 0 0 
GRU_L2_100_K1.1.sm_75.ptx 103 : 65536 79865120 0 0 0 0 0 0 0 
GRU_L2_100_K1.1.sm_75.ptx 104 : 65536 16670688 0 0 0 0 0 0 0 
GRU_L2_100_K1.1.sm_75.ptx 105 : 65536 549864928 0 0 0 65536 2048 0 0 
GRU_L2_100_K1.1.sm_75.ptx 106 : 65536 57919200 0 0 0 0 0 0 0 
GRU_L2_100_K1.1.sm_75.ptx 107 : 65536 44890464 0 0 0 0 0 0 0 
GRU_L2_100_K1.1.sm_75.ptx 108 : 65536 6112640 0 0 0 0 0 0 0 
GRU_L2_100_K1.1.sm_75.ptx 109 : 65536 3343456 0 0 0 0 0 0 0 
GRU_L2_100_K1.1.sm_75.ptx 110 : 65536 0 0 0 0 0 0 0 0 
GRU_L2_100_K1.1.sm_75.ptx 112 : 65536 1006944 0 0 0 0 0 0 0 
GRU_L2_100_K1.1.sm_75.ptx 113 : 65536 626560 0 0 0 0 0 0 0 
GRU_L2_100_K1.1.sm_75.ptx 114 : 65536 0 0 0 0 0 0 0 0 
GRU_L2_100_K1.1.sm_75.ptx 116 : 65536 820320 0 0 0 0 0 0 0 
GRU_L2_100_K1.1.sm_75.ptx 117 : 65536 6627648 0 0 0 0 0 0 0 
GRU_L2_100_K1.1.sm_75.ptx 118 : 65536 22945696 0 0 0 0 0 0 0 
GRU_L2_100_K1.1.sm_75.ptx 121 : 65536 5281120 0 0 0 0 0 0 0 
GRU_L2_100_K1.1.sm_75.ptx 122 : 65536 2020928 0 0 0 0 0 0 0 
GRU_L2_100_K1.1.sm_75.ptx 123 : 65536 384967072 0 0 0 65536 2048 0 0 
GRU_L2_100_K1.1.sm_75.ptx 124 : 65536 55709792 0 0 0 0 0 0 0 
GRU_L2_100_K1.1.sm_75.ptx 125 : 65536 66500544 0 0 0 0 0 0 0 
GRU_L2_100_K1.1.sm_75.ptx 126 : 65536 301404384 0 0 0 65536 2048 0 0 
GRU_L2_100_K1.1.sm_75.ptx 127 : 65536 50568384 0 0 0 0 0 0 0 
GRU_L2_100_K1.1.sm_75.ptx 128 : 65536 31074528 0 0 0 0 0 0 0 
GRU_L2_100_K1.1.sm_75.ptx 129 : 65536 4657216 0 0 0 0 0 0 0 
GRU_L2_100_K1.1.sm_75.ptx 130 : 65536 0 0 0 0 0 0 0 0 
GRU_L2_100_K1.1.sm_75.ptx 132 : 65536 1359072 0 0 0 0 0 0 0 
GRU_L2_100_K1.1.sm_75.ptx 133 : 65536 524576 0 0 0 0 0 0 0 
GRU_L2_100_K1.1.sm_75.ptx 134 : 65536 0 0 0 0 0 0 0 0 
GRU_L2_100_K1.1.sm_75.ptx 136 : 65536 1003168 0 0 0 0 0 0 0 
GRU_L2_100_K1.1.sm_75.ptx 137 : 65536 5637856 0 0 0 0 0 0 0 
GRU_L2_100_K1.1.sm_75.ptx 138 : 65536 21387424 0 0 0 0 0 0 0 
GRU_L2_100_K1.1.sm_75.ptx 141 : 65536 2226592 0 0 0 0 0 0 0 
GRU_L2_100_K1.1.sm_75.ptx 142 : 65536 817216 0 0 0 0 0 0 0 
GRU_L2_100_K1.1.sm_75.ptx 143 : 65536 396416 0 0 0 0 0 0 0 
GRU_L2_100_K1.1.sm_75.ptx 144 : 65536 4550272 0 0 0 0 0 0 0 
GRU_L2_100_K1.1.sm_75.ptx 145 : 65536 1758336 0 0 0 0 0 0 0 
GRU_L2_100_K1.1.sm_75.ptx 146 : 65536 1892192 0 0 0 0 0 0 0 
GRU_L2_100_K1.1.sm_75.ptx 147 : 65536 859456 0 0 0 0 0 0 0 
GRU_L2_100_K1.1.sm_75.ptx 148 : 65536 261510816 0 65536 2048 0 0 0 0 
GRU_L2_100_K1.1.sm_75.ptx 149 : 65536 48947616 0 0 0 0 0 0 0 
GRU_L2_100_K1.1.sm_75.ptx 150 : 65536 770048 0 0 0 0 0 0 0 
GRU_L2_100_K1.1.sm_75.ptx 151 : 65536 515168 0 0 0 0 0 0 0 
GRU_L2_100_K1.1.sm_75.ptx 154 : 1638400 7291507168 0 0 0 51200 51200 0 0 
GRU_L2_100_K1.1.sm_75.ptx 155 : 1638400 4228339008 0 51200 51200 0 0 0 0 
GRU_L2_100_K1.1.sm_75.ptx 156 : 1638400 723200704 0 0 0 0 0 0 0 
GRU_L2_100_K1.1.sm_75.ptx 157 : 1638400 10394874336 96 0 0 1638400 51200 0 0 
GRU_L2_100_K1.1.sm_75.ptx 158 : 1638400 2373613088 0 0 0 0 0 0 0 
GRU_L2_100_K1.1.sm_75.ptx 159 : 1638400 8902556960 0 0 0 51200 51200 0 0 
GRU_L2_100_K1.1.sm_75.ptx 160 : 1638400 4485607840 0 51200 51200 0 0 0 0 
GRU_L2_100_K1.1.sm_75.ptx 161 : 1638400 668236736 0 0 0 0 0 0 0 
GRU_L2_100_K1.1.sm_75.ptx 162 : 1638400 8856322784 64 0 0 1638400 51200 0 0 
GRU_L2_100_K1.1.sm_75.ptx 163 : 1638400 2234055232 0 0 0 0 0 0 0 
GRU_L2_100_K1.1.sm_75.ptx 164 : 1638400 8601394240 0 0 0 51200 51200 0 0 
