kernel line : count latency dram_traffic smem_bk_conflicts smem_warp gmem_access_generated gmem_warp exposed_latency warp_divergence
mst_topo.1.sm_75.ptx 915 : 3328 16640 0 0 0 0 0 0 0 
mst_topo.1.sm_75.ptx 911 : 7734272 50272768 0 0 0 0 0 0 0 
mst_topo.1.sm_75.ptx 900 : 30212 6199348 0 0 0 30212 30212 0 0 
mst_topo.1.sm_75.ptx 899 : 30212 151060 0 0 0 0 0 0 0 
mst_topo.1.sm_75.ptx 897 : 7734272 38520300 0 0 0 0 0 0 30212 
mst_topo.1.sm_75.ptx 896 : 7734272 39051360 0 0 0 0 0 0 0 
mst_topo.1.sm_75.ptx 895 : 7734272 30445632 0 0 0 0 0 0 0 
mst_topo.1.sm_75.ptx 892 : 1150371 4708530 0 0 0 212758 212758 0 0 
mst_topo.1.sm_75.ptx 889 : 6583304 32918626 0 0 0 0 0 0 0 
mst_topo.1.sm_75.ptx 888 : 6583304 27105845 0 0 0 966582 241682 0 0 
mst_topo.1.sm_75.ptx 887 : 6583304 32918408 0 0 0 0 0 0 0 
mst_topo.1.sm_75.ptx 879 : 6583304 1569418625 72128 0 0 1006911 241682 0 0 
mst_topo.1.sm_75.ptx 863 : 7732427 69850440 0 0 0 0 0 0 0 
mst_topo.1.sm_75.ptx 861 : 7733675 6455 0 0 0 0 0 0 577 
mst_topo.1.sm_75.ptx 860 : 7733675 46739924 0 0 0 0 0 0 0 
mst_topo.1.sm_75.ptx 859 : 7733675 1948437960 0 0 0 2719972 241682 0 0 
mst_topo.1.sm_75.ptx 858 : 7733675 70660638 0 0 0 0 0 0 0 
mst_topo.1.sm_75.ptx 857 : 7733675 70551890 0 0 0 0 0 0 0 
mst_topo.1.sm_75.ptx 855 : 7733675 0 0 0 0 0 0 0 0 
mst_topo.1.sm_75.ptx 854 : 7733675 47556291 0 0 0 0 0 0 0 
mst_topo.1.sm_75.ptx 853 : 7733675 1721030693 0 0 0 966728 241682 0 0 
mst_topo.1.sm_75.ptx 852 : 7733675 70585187 0 0 0 0 0 0 0 
mst_topo.1.sm_75.ptx 851 : 7733675 70573215 0 0 0 0 0 0 0 
mst_topo.1.sm_75.ptx 849 : 7734272 3079 0 0 0 0 0 0 146 
mst_topo.1.sm_75.ptx 848 : 7734272 46648384 0 0 0 0 0 0 0 
mst_topo.1.sm_75.ptx 847 : 7734272 46405632 0 0 0 0 0 0 0 
mst_topo.1.sm_75.ptx 846 : 7734272 46405632 0 0 0 0 0 0 0 
mst_topo.1.sm_75.ptx 842 : 7733822 1869093250 0 0 0 241682 241682 0 0 
mst_topo.1.sm_75.ptx 821 : 7733822 50860114 0 0 0 2166756 241682 0 0 
mst_topo.1.sm_75.ptx 807 : 7733822 34659908 0 0 0 0 0 0 195389 
mst_topo.1.sm_75.ptx 806 : 7733822 46478676 0 0 0 0 0 0 0 
mst_topo.1.sm_75.ptx 805 : 7733822 2630937700 17321792 0 0 2637135 241682 0 0 
mst_topo.1.sm_75.ptx 804 : 7733822 70282830 0 0 0 0 0 0 0 
mst_topo.1.sm_75.ptx 803 : 7733822 70070798 0 0 0 0 0 0 0 
mst_topo.1.sm_75.ptx 802 : 7733822 46828148 0 0 0 0 0 0 0 
mst_topo.1.sm_75.ptx 801 : 7733822 2947169716 30935296 0 0 966728 241682 0 0 
mst_topo.1.sm_75.ptx 800 : 7733822 69699278 0 0 0 0 0 0 0 
mst_topo.1.sm_75.ptx 799 : 7733822 31575320 0 0 0 966728 241682 0 0 
mst_topo.1.sm_75.ptx 779 : 7733822 69846382 0 0 0 0 0 0 0 
mst_topo.1.sm_75.ptx 769 : 7734272 46405632 0 0 0 0 0 0 0 
mst_topo.1.sm_75.ptx 766 : 3328 19968 0 0 0 0 0 0 0 
mst_topo.1.sm_75.ptx 765 : 3328 19968 0 0 0 0 0 0 0 
mst_topo.1.sm_75.ptx 764 : 3328 19968 0 0 0 0 0 0 0 
mst_topo.1.sm_75.ptx 763 : 3328 19968 0 0 0 0 0 0 0 
mst_topo.1.sm_75.ptx 762 : 3328 19968 0 0 0 0 0 0 0 
mst_topo.1.sm_75.ptx 761 : 3328 19968 0 0 0 0 0 0 0 
mst_topo.1.sm_75.ptx 760 : 3328 19968 0 0 0 0 0 0 0 
mst_topo.1.sm_75.ptx 759 : 3328 19968 0 0 0 0 0 0 0 
mst_topo.1.sm_75.ptx 758 : 3328 19968 0 0 0 0 0 0 0 
mst_topo.1.sm_75.ptx 757 : 3328 58240 0 0 0 0 0 0 0 
mst_topo.1.sm_75.ptx 756 : 3328 21632 0 0 0 0 0 0 0 
mst_topo.1.sm_75.ptx 755 : 3328 21632 0 0 0 0 0 0 0 
mst_topo.1.sm_75.ptx 754 : 3328 23296 0 0 0 0 0 0 0 
mst_topo.1.sm_75.ptx 753 : 3328 29952 0 0 0 0 0 0 0 
mst_topo.1.sm_75.ptx 752 : 3328 19968 0 0 0 0 0 0 0 
mst_topo.1.sm_75.ptx 751 : 3328 19968 0 0 0 0 0 0 0 
mst_topo.1.sm_75.ptx 749 : 3328 0 0 0 0 0 0 0 0 
mst_topo.1.sm_75.ptx 748 : 3328 19968 0 0 0 0 0 0 0 
mst_topo.1.sm_75.ptx 747 : 3328 29952 0 0 0 0 0 0 0 
mst_topo.1.sm_75.ptx 746 : 3328 86528 0 0 0 0 0 0 0 
mst_topo.1.sm_75.ptx 745 : 3328 29952 0 0 0 0 0 0 0 
mst_topo.1.sm_75.ptx 744 : 3328 29952 0 0 0 0 0 0 0 
mst_topo.1.sm_75.ptx 743 : 3328 29952 0 0 0 0 0 0 0 
mst_topo.1.sm_75.ptx 742 : 3328 21632 0 0 0 0 0 0 0 
mst_topo.1.sm_75.ptx 741 : 3328 33280 0 0 0 0 0 0 0 
mst_topo.1.sm_75.ptx 740 : 3328 19968 0 0 0 0 0 0 0 
mst_topo.1.sm_75.ptx 739 : 3328 19968 0 0 0 0 0 0 0 
mst_topo.1.sm_75.ptx 738 : 3328 23936 0 0 0 0 0 0 0 
mst_topo.1.sm_75.ptx 737 : 3328 37152 0 0 0 0 0 0 0 
mst_topo.1.sm_75.ptx 736 : 3328 45760 0 0 0 0 0 0 0 
mst_topo.1.sm_75.ptx 735 : 3328 43264 0 0 0 0 0 0 0 
mst_topo.1.sm_75.ptx 734 : 3328 43264 0 0 0 0 0 0 0 
mst_topo.1.sm_75.ptx 733 : 3328 43264 0 0 0 0 0 0 0 
mst_topo.1.sm_75.ptx 732 : 3328 43264 0 0 0 0 0 0 0 
mst_topo.1.sm_75.ptx 731 : 3328 43264 0 0 0 0 0 0 0 
mst_topo.1.sm_75.ptx 730 : 3328 42560 0 0 0 0 0 0 0 
mst_topo.1.sm_75.ptx 729 : 3328 38720 0 0 0 0 0 0 0 
mst_topo.1.sm_75.ptx 728 : 3328 142752 0 0 0 0 0 0 0 
mst_topo.1.sm_75.ptx 727 : 3328 19488 0 0 0 0 0 0 0 
mst_topo.1.sm_75.ptx 704 : 7734016 41552864 0 0 0 0 0 0 0 
mst_topo.1.sm_75.ptx 701 : 7733822 38273240 0 0 0 241682 241682 0 0 
mst_topo.1.sm_75.ptx 700 : 7733822 54433106 0 0 0 0 0 0 0 
mst_topo.1.sm_75.ptx 699 : 7733822 71427566 0 0 0 0 0 0 0 
mst_topo.1.sm_75.ptx 689 : 7733822 41056022 0 0 0 0 0 0 0 
mst_topo.1.sm_75.ptx 688 : 7733822 47945780 0 0 0 0 0 0 0 
mst_topo.1.sm_75.ptx 687 : 7733822 47712948 0 0 0 0 0 0 0 
mst_topo.1.sm_75.ptx 686 : 7733822 52238356 0 0 0 0 0 0 0 
mst_topo.1.sm_75.ptx 685 : 7733822 4753274604 30935296 0 0 966728 241682 0 0 
mst_topo.1.sm_75.ptx 684 : 7733822 59507250 0 0 0 2166756 241682 0 0 
mst_topo.1.sm_75.ptx 670 : 7733822 41201398 0 0 0 0 0 0 0 
mst_topo.1.sm_75.ptx 669 : 7733822 51790420 0 0 0 0 0 0 0 
mst_topo.1.sm_75.ptx 668 : 7733822 5011395382 19695552 0 0 2637135 241682 0 0 
mst_topo.1.sm_75.ptx 667 : 7733822 71520622 0 0 0 0 0 0 0 
mst_topo.1.sm_75.ptx 666 : 7733822 70747982 0 0 0 0 0 0 0 
mst_topo.1.sm_75.ptx 665 : 7733822 51753492 0 0 0 0 0 0 0 
mst_topo.1.sm_75.ptx 664 : 7733822 6158482772 65252160 0 0 2216958 241682 0 0 
mst_topo.1.sm_75.ptx 663 : 7733822 71416270 0 0 0 0 0 0 0 
mst_topo.1.sm_75.ptx 662 : 7733822 47446484 0 0 0 0 0 0 0 
mst_topo.1.sm_75.ptx 660 : 7733822 0 0 0 0 0 0 0 0 
mst_topo.1.sm_75.ptx 434 : 7734016 43263200 0 0 0 0 0 0 0 
mst_topo.1.sm_75.ptx 431 : 7733822 2039824214 0 0 0 966728 241682 0 0 
mst_topo.1.sm_75.ptx 428 : 7733822 47528980 0 0 0 0 0 0 0 
mst_topo.1.sm_75.ptx 427 : 7733822 48427796 0 0 0 0 0 0 0 
mst_topo.1.sm_75.ptx 407 : 7733822 50095668 0 0 0 0 0 0 0 
mst_topo.1.sm_75.ptx 390 : 7733822 41265334 0 0 0 0 0 0 0 
mst_topo.1.sm_75.ptx 389 : 7733822 50293940 0 0 0 0 0 0 0 
mst_topo.1.sm_75.ptx 646 : 7733822 0 0 0 0 0 0 0 0 
mst_topo.1.sm_75.ptx 388 : 7733822 6451900442 19623840 0 0 2637135 241682 0 0 
mst_topo.1.sm_75.ptx 645 : 7733822 52044852 0 0 0 0 0 0 0 
mst_topo.1.sm_75.ptx 387 : 7733822 71188718 0 0 0 0 0 0 0 
mst_topo.1.sm_75.ptx 644 : 7733822 4570761976 13024 0 0 966728 241682 0 0 
mst_topo.1.sm_75.ptx 386 : 7733822 70825390 0 0 0 0 0 0 0 
mst_topo.1.sm_75.ptx 643 : 7733822 71406798 0 0 0 0 0 0 0 
mst_topo.1.sm_75.ptx 385 : 7733822 50186964 0 0 0 0 0 0 0 
mst_topo.1.sm_75.ptx 642 : 7733822 49803380 0 0 0 0 0 0 0 
mst_topo.1.sm_75.ptx 384 : 7733822 8047420110 65252160 0 0 2216958 241682 0 0 
mst_topo.1.sm_75.ptx 641 : 7733822 5006992026 30922272 0 0 1208409 241682 0 0 
mst_topo.1.sm_75.ptx 383 : 7733822 71091980 0 0 0 0 0 0 0 
mst_topo.1.sm_75.ptx 640 : 7733822 71508814 0 0 0 0 0 0 0 
mst_topo.1.sm_75.ptx 382 : 7733822 47432756 0 0 0 0 0 0 0 
mst_topo.1.sm_75.ptx 639 : 7733822 71351662 0 0 0 0 0 0 0 
mst_topo.1.sm_75.ptx 380 : 16313034 45500446 0 0 0 0 0 0 0 
mst_topo.1.sm_75.ptx 637 : 7733822 48090676 0 0 0 0 0 0 0 
mst_topo.1.sm_75.ptx 379 : 16313034 106242269 0 0 0 0 0 0 0 
mst_topo.1.sm_75.ptx 636 : 7733822 47882900 0 0 0 0 0 0 0 
mst_topo.1.sm_75.ptx 378 : 16313034 8213577021 65252160 0 0 5545737 763113 0 0 
mst_topo.1.sm_75.ptx 377 : 16313034 149426051 0 0 0 0 0 0 0 
mst_topo.1.sm_75.ptx 634 : 7733822 0 0 0 0 0 0 0 0 
mst_topo.1.sm_75.ptx 375 : 16313034 101079405 0 0 0 0 0 0 0 
mst_topo.1.sm_75.ptx 632 : 7733822 4893713770 30935296 0 0 966728 241682 0 0 
mst_topo.1.sm_75.ptx 906 : 314312 1420500 0 0 0 0 0 0 0 
mst_topo.1.sm_75.ptx 365 : 7733822 6716059460 30773760 0 0 1208409 241682 0 0 
mst_topo.1.sm_75.ptx 622 : 7733822 47602292 0 0 0 0 0 0 0 
mst_topo.1.sm_75.ptx 886 : 6583304 27922099 0 0 0 241682 241682 0 0 
mst_topo.1.sm_75.ptx 345 : 7733822 40687830 0 0 0 0 0 0 0 
mst_topo.1.sm_75.ptx 602 : 7734016 103598976 0 0 0 0 0 0 0 
mst_topo.1.sm_75.ptx 885 : 6583304 12504229862 32 0 0 6583304 241682 0 0 
mst_topo.1.sm_75.ptx 344 : 7733822 47824756 0 0 0 0 0 0 0 
mst_topo.1.sm_75.ptx 601 : 7734016 103510720 0 0 0 0 0 0 0 
mst_topo.1.sm_75.ptx 884 : 6583304 9697744567 32 0 0 6583304 241682 0 0 
mst_topo.1.sm_75.ptx 343 : 7733822 50208916 0 0 0 0 0 0 0 
mst_topo.1.sm_75.ptx 600 : 7734016 102875520 0 0 0 0 0 0 0 
mst_topo.1.sm_75.ptx 883 : 6583304 8711732544 30930624 0 0 966582 241682 0 0 
mst_topo.1.sm_75.ptx 342 : 7733822 6248313112 30934880 0 0 966728 241682 0 0 
mst_topo.1.sm_75.ptx 599 : 7734016 286618624 0 0 0 0 0 0 0 
mst_topo.1.sm_75.ptx 882 : 6583304 59249736 0 0 0 0 0 0 0 
mst_topo.1.sm_75.ptx 341 : 7733822 72967566 0 0 0 0 0 0 0 
mst_topo.1.sm_75.ptx 598 : 7734016 56987104 0 0 0 0 0 0 0 
mst_topo.1.sm_75.ptx 881 : 6583304 39499824 0 0 0 0 0 0 0 
mst_topo.1.sm_75.ptx 340 : 7733822 75666830 0 0 0 0 0 0 0 
mst_topo.1.sm_75.ptx 880 : 6583304 10633669526 32 0 0 6583304 241682 0 0 
mst_topo.1.sm_75.ptx 339 : 7733822 52889716 0 0 0 0 0 0 0 
mst_topo.1.sm_75.ptx 878 : 6583304 2851147796 44237280 0 0 1869963 241682 0 0 
mst_topo.1.sm_75.ptx 337 : 7734016 1098 0 0 0 0 0 0 1 
mst_topo.1.sm_75.ptx 877 : 6583304 59324931 0 0 0 0 0 0 0 
mst_topo.1.sm_75.ptx 336 : 7734016 49444928 0 0 0 0 0 0 0 
mst_topo.1.sm_75.ptx 876 : 6583304 46169858 0 0 0 0 0 0 0 
mst_topo.1.sm_75.ptx 335 : 7734016 76793376 0 0 0 0 0 0 0 
mst_topo.1.sm_75.ptx 875 : 6583304 59257509 0 0 0 0 0 0 0 
mst_topo.1.sm_75.ptx 334 : 7734016 48954400 0 0 0 0 0 0 0 
mst_topo.1.sm_75.ptx 874 : 6583304 59372626 0 0 0 0 0 0 0 
mst_topo.1.sm_75.ptx 333 : 7734016 48700224 0 0 0 0 0 0 0 
mst_topo.1.sm_75.ptx 459 : 7734016 105396928 0 0 0 0 0 0 0 
mst_topo.1.sm_75.ptx 332 : 7734016 48891360 0 0 0 0 0 0 0 
mst_topo.1.sm_75.ptx 404 : 7733822 59069330 0 0 0 2166756 241682 0 0 
mst_topo.1.sm_75.ptx 818 : 10042804 46299113 0 0 0 0 0 0 484440 
mst_topo.1.sm_75.ptx 277 : 7734016 83035776 0 0 0 0 0 0 0 
mst_topo.1.sm_75.ptx 534 : 16313034 150761936 0 0 0 0 0 0 0 
mst_topo.1.sm_75.ptx 817 : 10042804 60432357 0 0 0 0 0 0 0 
mst_topo.1.sm_75.ptx 276 : 7734016 43917088 0 0 0 0 0 0 0 
mst_topo.1.sm_75.ptx 533 : 16313034 149686120 0 0 0 0 0 0 0 
mst_topo.1.sm_75.ptx 405 : 7733822 48992146 0 0 0 0 0 0 0 
mst_topo.1.sm_75.ptx 278 : 7734016 53017632 0 0 0 0 0 0 0 
mst_topo.1.sm_75.ptx 535 : 16313034 6637940677 65252160 0 0 5545737 763113 0 0 
mst_topo.1.sm_75.ptx 376 : 16313034 149372108 0 0 0 0 0 0 0 
mst_topo.1.sm_75.ptx 633 : 7733822 51713268 0 0 0 0 0 0 0 
mst_topo.1.sm_75.ptx 249 : 7734272 70471552 0 0 0 0 0 0 0 
mst_topo.1.sm_75.ptx 816 : 10042804 2429326353 32131136 0 0 9277287 4865388 0 0 
mst_topo.1.sm_75.ptx 275 : 7734016 52045536 0 0 0 0 0 0 0 
mst_topo.1.sm_75.ptx 532 : 16313034 102231056 0 0 0 0 0 0 0 
mst_topo.1.sm_75.ptx 246 : 7733822 235417076 0 0 0 966728 241682 0 0 
mst_topo.1.sm_75.ptx 503 : 7733822 5340519040 30935296 0 0 966728 241682 0 0 
mst_topo.1.sm_75.ptx 815 : 10042804 90444032 0 0 0 0 0 0 0 
mst_topo.1.sm_75.ptx 274 : 7734016 87510368 0 0 0 0 0 0 0 
mst_topo.1.sm_75.ptx 372 : 7733822 48462004 0 0 0 0 0 0 0 
mst_topo.1.sm_75.ptx 245 : 7733822 94184622 0 0 0 0 0 0 0 
mst_topo.1.sm_75.ptx 502 : 7733822 70966734 0 0 0 0 0 0 0 
mst_topo.1.sm_75.ptx 814 : 10042804 90529528 0 0 0 0 0 0 0 
mst_topo.1.sm_75.ptx 273 : 7734016 105030432 0 0 0 0 0 0 0 
mst_topo.1.sm_75.ptx 912 : 7734272 38654720 0 0 0 0 0 0 0 
mst_topo.1.sm_75.ptx 371 : 7733822 47845652 0 0 0 0 0 0 0 
mst_topo.1.sm_75.ptx 628 : 7733822 0 0 0 0 0 0 0 0 
mst_topo.1.sm_75.ptx 244 : 7733822 105337424 0 0 0 0 0 0 0 
mst_topo.1.sm_75.ptx 501 : 7733822 48190740 0 0 0 0 0 0 0 
mst_topo.1.sm_75.ptx 813 : 10042804 60344516 0 0 0 0 0 0 0 
mst_topo.1.sm_75.ptx 272 : 7734016 100598528 0 0 0 0 0 0 0 
mst_topo.1.sm_75.ptx 529 : 8579212 399072537 384 0 0 1671179 521431 0 0 
mst_topo.1.sm_75.ptx 458 : 7734016 105554656 0 0 0 0 0 0 0 
mst_topo.1.sm_75.ptx 331 : 7734016 54059360 0 0 0 0 0 0 0 
mst_topo.1.sm_75.ptx 243 : 7733822 119407988 0 0 0 966728 241682 0 0 
mst_topo.1.sm_75.ptx 500 : 7733822 48594068 0 0 0 0 0 0 0 
mst_topo.1.sm_75.ptx 429 : 7733822 0 0 0 0 0 0 0 0 
mst_topo.1.sm_75.ptx 843 : 7733822 46402932 0 0 0 0 0 0 0 
mst_topo.1.sm_75.ptx 302 : 7734016 49880864 0 0 0 0 0 0 0 
mst_topo.1.sm_75.ptx 770 : 7734272 73610688 0 0 0 0 0 0 0 
mst_topo.1.sm_75.ptx 229 : 7734272 156920672 0 0 0 0 0 0 0 
mst_topo.1.sm_75.ptx 829 : 30212 6216351 32 0 0 30212 30212 0 0 
mst_topo.1.sm_75.ptx 288 : 7733822 77347022 0 0 0 0 0 0 0 
mst_topo.1.sm_75.ptx 545 : 16313034 9305644753 44793344 0 0 5803492 763113 0 0 
mst_topo.1.sm_75.ptx 812 : 10042804 1378048196 0 0 0 8791506 4865388 0 0 
mst_topo.1.sm_75.ptx 271 : 7734016 99777856 0 0 0 0 0 0 0 
mst_topo.1.sm_75.ptx 457 : 7734016 107244544 0 0 0 0 0 0 0 
mst_topo.1.sm_75.ptx 871 : 1149123 5745615 0 0 0 0 0 0 0 
mst_topo.1.sm_75.ptx 330 : 7734016 105321408 0 0 0 0 0 0 0 
mst_topo.1.sm_75.ptx 910 : 7734272 73475584 0 0 0 0 0 0 0 
mst_topo.1.sm_75.ptx 369 : 7733822 0 0 0 0 0 0 0 0 
mst_topo.1.sm_75.ptx 626 : 7733822 51790164 0 0 0 0 0 0 0 
mst_topo.1.sm_75.ptx 783 : 7733822 39434614 0 0 0 0 0 0 0 
mst_topo.1.sm_75.ptx 242 : 7733822 82876658 0 0 0 0 0 0 0 
mst_topo.1.sm_75.ptx 499 : 7733822 4964567530 30935296 0 0 966728 241682 0 0 
mst_topo.1.sm_75.ptx 771 : 7734272 65740480 0 0 0 0 0 0 0 
mst_topo.1.sm_75.ptx 230 : 7734272 100545536 0 0 0 0 0 0 0 
mst_topo.1.sm_75.ptx 416 : 7733822 47855252 0 0 0 0 0 0 0 
mst_topo.1.sm_75.ptx 289 : 7733822 90934262 0 0 0 966728 241682 0 0 
mst_topo.1.sm_75.ptx 546 : 16313034 107323707 0 0 0 0 0 0 0 
mst_topo.1.sm_75.ptx 772 : 7734272 2250 0 0 0 0 0 0 1 
mst_topo.1.sm_75.ptx 231 : 7734272 101995712 0 0 0 0 0 0 0 
mst_topo.1.sm_75.ptx 417 : 7733822 70857614 0 0 0 0 0 0 0 
mst_topo.1.sm_75.ptx 290 : 7733822 59491700 0 0 0 0 0 0 0 
mst_topo.1.sm_75.ptx 547 : 16313034 87248616 0 0 0 0 0 0 0 
mst_topo.1.sm_75.ptx 232 : 7734272 71903776 0 0 0 0 0 0 0 
mst_topo.1.sm_75.ptx 418 : 7733822 39525080 0 0 0 966728 241682 0 0 
mst_topo.1.sm_75.ptx 832 : 11956436 424608359 0 0 0 11956436 11956436 0 0 
mst_topo.1.sm_75.ptx 291 : 7733822 82164046 0 0 0 0 0 0 0 
mst_topo.1.sm_75.ptx 774 : 7733822 2875841218 7733824 0 0 241682 241682 0 0 
mst_topo.1.sm_75.ptx 233 : 7734272 41928768 0 0 0 0 0 0 0 
mst_topo.1.sm_75.ptx 419 : 7733822 48630964 0 0 0 0 0 0 0 
mst_topo.1.sm_75.ptx 833 : 11956436 310867336 0 0 0 0 0 0 0 
mst_topo.1.sm_75.ptx 292 : 7733822 235647702 0 0 0 966728 241682 0 0 
mst_topo.1.sm_75.ptx 361 : 7733822 37625432 0 0 0 966728 241682 0 0 
mst_topo.1.sm_75.ptx 618 : 7733822 4841388172 30934496 0 0 966728 241682 0 0 
mst_topo.1.sm_75.ptx 775 : 7733822 46808692 0 0 0 0 0 0 0 
mst_topo.1.sm_75.ptx 234 : 7734272 56860224 0 0 0 0 0 0 0 
mst_topo.1.sm_75.ptx 420 : 7733822 71366062 0 0 0 0 0 0 0 
mst_topo.1.sm_75.ptx 834 : 11956436 71738616 0 0 0 0 0 0 0 
mst_topo.1.sm_75.ptx 293 : 7733822 69435060 0 0 0 0 0 0 0 
mst_topo.1.sm_75.ptx 903 : 314312 17134733 0 0 0 314312 314312 0 0 
mst_topo.1.sm_75.ptx 362 : 7733822 48118868 0 0 0 0 0 0 0 
mst_topo.1.sm_75.ptx 619 : 7733822 52233140 0 0 0 0 0 0 0 
mst_topo.1.sm_75.ptx 776 : 7733822 0 0 0 0 0 0 0 0 
mst_topo.1.sm_75.ptx 235 : 7734272 93356320 0 0 0 0 0 0 0 
mst_topo.1.sm_75.ptx 421 : 7733822 38324504 0 0 0 966728 241682 0 0 
mst_topo.1.sm_75.ptx 835 : 11956436 59631120 0 0 0 0 0 0 0 
mst_topo.1.sm_75.ptx 294 : 7733822 108529422 0 0 0 0 0 0 0 
mst_topo.1.sm_75.ptx 904 : 314312 8172112 0 0 0 0 0 0 0 
mst_topo.1.sm_75.ptx 363 : 7733822 47630388 0 0 0 0 0 0 0 
mst_topo.1.sm_75.ptx 620 : 7733822 0 0 0 0 0 0 0 0 
mst_topo.1.sm_75.ptx 236 : 7734272 97573152 0 0 0 0 0 0 0 
mst_topo.1.sm_75.ptx 422 : 7733822 48503476 0 0 0 0 0 0 0 
mst_topo.1.sm_75.ptx 295 : 7733822 173464182 0 0 0 966728 241682 0 0 
mst_topo.1.sm_75.ptx 905 : 314312 1885872 0 0 0 0 0 0 0 
mst_topo.1.sm_75.ptx 364 : 7733822 70581294 0 0 0 0 0 0 0 
mst_topo.1.sm_75.ptx 778 : 7733822 47417876 0 0 0 0 0 0 0 
mst_topo.1.sm_75.ptx 237 : 7734272 3312 0 0 0 0 0 0 1 
mst_topo.1.sm_75.ptx 423 : 7733822 47818068 0 0 0 0 0 0 0 
mst_topo.1.sm_75.ptx 296 : 7733822 76316116 0 0 0 0 0 0 0 
mst_topo.1.sm_75.ptx 268 : 7734016 68803328 0 0 0 0 0 0 0 
mst_topo.1.sm_75.ptx 525 : 7733822 65827408 0 0 0 0 0 0 0 
mst_topo.1.sm_75.ptx 868 : 7732427 1741778322 0 0 0 2757955 241682 0 0 
mst_topo.1.sm_75.ptx 327 : 7734016 104206560 0 0 0 0 0 0 0 
mst_topo.1.sm_75.ptx 366 : 7733822 6183782052 161536 0 0 966728 241682 0 0 
mst_topo.1.sm_75.ptx 623 : 7733822 47780148 0 0 0 0 0 0 0 
mst_topo.1.sm_75.ptx 780 : 7733822 2687929760 30929856 0 0 966728 241682 0 0 
mst_topo.1.sm_75.ptx 239 : 7733822 60294290 0 0 0 0 0 0 0 
mst_topo.1.sm_75.ptx 496 : 7733822 48243444 0 0 0 0 0 0 0 
mst_topo.1.sm_75.ptx 425 : 7733822 6545509706 30935296 0 0 966728 241682 0 0 
mst_topo.1.sm_75.ptx 839 : 7734272 46405632 0 0 0 0 0 0 0 
mst_topo.1.sm_75.ptx 298 : 7733822 62395666 0 0 0 0 0 0 0 
mst_topo.1.sm_75.ptx 810 : 10042804 60332005 0 0 0 0 0 0 0 
mst_topo.1.sm_75.ptx 269 : 7734016 209943072 0 0 0 0 0 0 0 
mst_topo.1.sm_75.ptx 526 : 7733822 78998346 0 0 0 0 0 0 0 
mst_topo.1.sm_75.ptx 455 : 7734016 59162656 0 0 0 0 0 0 0 
mst_topo.1.sm_75.ptx 869 : 7732427 46611713 0 0 0 0 0 0 0 
mst_topo.1.sm_75.ptx 328 : 7734016 103551136 0 0 0 0 0 0 0 
mst_topo.1.sm_75.ptx 367 : 7733822 50870612 0 0 0 0 0 0 0 
mst_topo.1.sm_75.ptx 624 : 7733822 71050606 0 0 0 0 0 0 0 
mst_topo.1.sm_75.ptx 781 : 7733822 46597716 0 0 0 0 0 0 0 
mst_topo.1.sm_75.ptx 240 : 7733822 81502028 0 0 0 0 0 0 0 
mst_topo.1.sm_75.ptx 497 : 7733822 47886388 0 0 0 0 0 0 0 
mst_topo.1.sm_75.ptx 426 : 7733822 50593492 0 0 0 0 0 0 0 
mst_topo.1.sm_75.ptx 840 : 7734272 2700 0 0 0 0 0 0 1 
mst_topo.1.sm_75.ptx 299 : 7733822 75397654 0 0 0 241682 241682 0 0 
mst_topo.1.sm_75.ptx 811 : 10042804 90450683 0 0 0 0 0 0 0 
mst_topo.1.sm_75.ptx 270 : 7734016 96160960 0 0 0 0 0 0 0 
mst_topo.1.sm_75.ptx 456 : 7734016 281671584 0 0 0 0 0 0 0 
mst_topo.1.sm_75.ptx 870 : 7732427 33294614 0 0 0 0 0 0 212181 
mst_topo.1.sm_75.ptx 329 : 7734016 102666048 0 0 0 0 0 0 0 
mst_topo.1.sm_75.ptx 909 : 7734272 38671360 0 0 0 0 0 0 0 
mst_topo.1.sm_75.ptx 368 : 7733822 47216980 0 0 0 0 0 0 0 
mst_topo.1.sm_75.ptx 625 : 7733822 4760866512 30935296 0 0 966728 241682 0 0 
mst_topo.1.sm_75.ptx 782 : 7733822 46855028 0 0 0 0 0 0 0 
mst_topo.1.sm_75.ptx 241 : 7733822 84584300 0 0 0 0 0 0 0 
mst_topo.1.sm_75.ptx 498 : 7733822 70659054 0 0 0 0 0 0 0 
mst_topo.1.sm_75.ptx 406 : 7733822 48335668 0 0 0 0 0 0 0 
mst_topo.1.sm_75.ptx 279 : 7734016 1034 0 0 0 0 0 0 1 
mst_topo.1.sm_75.ptx 536 : 16313034 105921887 0 0 0 0 0 0 0 
mst_topo.1.sm_75.ptx 281 : 7733822 50389780 0 0 0 0 0 0 0 
mst_topo.1.sm_75.ptx 282 : 7733822 56115796 0 0 0 0 0 0 0 
mst_topo.1.sm_75.ptx 539 : 16313034 100394422 0 0 0 0 0 0 0 
mst_topo.1.sm_75.ptx 410 : 16313034 101061586 0 0 0 0 0 0 0 
mst_topo.1.sm_75.ptx 824 : 7734272 50949376 0 0 0 0 0 0 0 
mst_topo.1.sm_75.ptx 283 : 7733822 77345806 0 0 0 0 0 0 0 
mst_topo.1.sm_75.ptx 540 : 16313034 149475610 0 0 0 0 0 0 0 
mst_topo.1.sm_75.ptx 411 : 16313034 149251044 0 0 0 0 0 0 0 
mst_topo.1.sm_75.ptx 825 : 7734272 38797888 0 0 0 0 0 0 0 
mst_topo.1.sm_75.ptx 284 : 7733822 79435438 0 0 0 0 0 0 0 
mst_topo.1.sm_75.ptx 541 : 16313034 6742354721 65252160 0 0 5545737 763113 0 0 
mst_topo.1.sm_75.ptx 412 : 16313034 102676307 0 0 0 0 0 0 0 
mst_topo.1.sm_75.ptx 826 : 7734272 38520714 0 0 0 0 0 0 30212 
mst_topo.1.sm_75.ptx 285 : 7733822 61859634 0 0 0 0 0 0 0 
mst_topo.1.sm_75.ptx 542 : 16313034 105955560 0 0 0 0 0 0 0 
mst_topo.1.sm_75.ptx 413 : 16313034 45740957 0 0 0 0 0 0 416611 
mst_topo.1.sm_75.ptx 286 : 7733822 55046902 0 0 0 966728 241682 0 0 
mst_topo.1.sm_75.ptx 543 : 16313034 149394175 0 0 0 0 0 0 0 
mst_topo.1.sm_75.ptx 828 : 30212 151060 0 0 0 0 0 0 0 
mst_topo.1.sm_75.ptx 287 : 7733822 55173140 0 0 0 0 0 0 0 
mst_topo.1.sm_75.ptx 544 : 16313034 150302749 0 0 0 0 0 0 0 
mst_topo.1.sm_75.ptx 424 : 7733822 70650894 0 0 0 0 0 0 0 
mst_topo.1.sm_75.ptx 838 : 7734272 38673056 0 0 0 0 0 0 0 
mst_topo.1.sm_75.ptx 297 : 7733822 82406926 0 0 0 0 0 0 0 
mst_topo.1.sm_75.ptx 864 : 7732427 77505025 0 0 0 0 0 0 0 
mst_topo.1.sm_75.ptx 323 : 7734016 55785664 0 0 0 0 0 0 0 
mst_topo.1.sm_75.ptx 865 : 7732427 46514409 0 0 0 0 0 0 0 
mst_topo.1.sm_75.ptx 324 : 7734016 255900896 0 0 0 0 0 0 0 
mst_topo.1.sm_75.ptx 866 : 7732427 69774020 0 0 0 0 0 0 0 
mst_topo.1.sm_75.ptx 325 : 7734016 103461952 0 0 0 0 0 0 0 
mst_topo.1.sm_75.ptx 867 : 7732427 69689336 0 0 0 0 0 0 0 
mst_topo.1.sm_75.ptx 326 : 7734016 103600544 0 0 0 0 0 0 0 
mst_topo.1.sm_75.ptx 460 : 7734016 104486592 0 0 0 0 0 0 0 
mst_topo.1.sm_75.ptx 461 : 7734016 102798976 0 0 0 0 0 0 0 
mst_topo.1.sm_75.ptx 462 : 7734016 102017952 0 0 0 0 0 0 0 
mst_topo.1.sm_75.ptx 463 : 7734016 104190880 0 0 0 0 0 0 0 
mst_topo.1.sm_75.ptx 464 : 7734016 56987616 0 0 0 0 0 0 0 
mst_topo.1.sm_75.ptx 465 : 7734016 49642368 0 0 0 0 0 0 0 
mst_topo.1.sm_75.ptx 466 : 7734016 48981632 0 0 0 0 0 0 0 
mst_topo.1.sm_75.ptx 467 : 7734016 48784448 0 0 0 0 0 0 0 
mst_topo.1.sm_75.ptx 468 : 7734016 76537504 0 0 0 0 0 0 0 
mst_topo.1.sm_75.ptx 469 : 7734016 49459936 0 0 0 0 0 0 0 
mst_topo.1.sm_75.ptx 470 : 7734016 1228 0 0 0 0 0 0 1 
mst_topo.1.sm_75.ptx 472 : 7733822 52680306 0 0 0 0 0 0 0 
mst_topo.1.sm_75.ptx 473 : 7733822 75616686 0 0 0 0 0 0 0 
mst_topo.1.sm_75.ptx 474 : 7733822 75678126 0 0 0 0 0 0 0 
mst_topo.1.sm_75.ptx 475 : 7733822 4667951086 29418816 0 0 966728 241682 0 0 
mst_topo.1.sm_75.ptx 476 : 7733822 50467988 0 0 0 0 0 0 0 
mst_topo.1.sm_75.ptx 477 : 7733822 48153172 0 0 0 0 0 0 0 
mst_topo.1.sm_75.ptx 478 : 7733822 48214772 0 0 0 0 0 0 0 
mst_topo.1.sm_75.ptx 479 : 7733822 41186838 0 0 0 0 0 0 0 
mst_topo.1.sm_75.ptx 495 : 7733822 38146072 0 0 0 966728 241682 0 0 
mst_topo.1.sm_75.ptx 504 : 7733822 50253076 0 0 0 0 0 0 0 
mst_topo.1.sm_75.ptx 505 : 7733822 0 0 0 0 0 0 0 0 
mst_topo.1.sm_75.ptx 507 : 7733822 47566260 0 0 0 0 0 0 0 
mst_topo.1.sm_75.ptx 508 : 7733822 70767982 0 0 0 0 0 0 0 
mst_topo.1.sm_75.ptx 509 : 7733822 4969977972 30935296 0 0 966728 241682 0 0 
mst_topo.1.sm_75.ptx 510 : 7733822 50255764 0 0 0 0 0 0 0 
mst_topo.1.sm_75.ptx 511 : 7733822 47896596 0 0 0 0 0 0 0 
mst_topo.1.sm_75.ptx 512 : 7733822 47805396 0 0 0 0 0 0 0 
mst_topo.1.sm_75.ptx 513 : 7733822 0 0 0 0 0 0 0 0 
mst_topo.1.sm_75.ptx 515 : 7733822 47838068 0 0 0 0 0 0 0 
mst_topo.1.sm_75.ptx 516 : 7733822 70806862 0 0 0 0 0 0 0 
mst_topo.1.sm_75.ptx 517 : 7733822 5586482656 30808224 0 0 1208409 241682 0 0 
mst_topo.1.sm_75.ptx 518 : 7733822 5168078048 127072 0 0 966728 241682 0 0 
mst_topo.1.sm_75.ptx 519 : 7733822 50446900 0 0 0 0 0 0 0 
mst_topo.1.sm_75.ptx 520 : 7733822 0 0 0 0 0 0 0 0 
mst_topo.1.sm_75.ptx 522 : 7733822 47781652 0 0 0 0 0 0 0 
mst_topo.1.sm_75.ptx 523 : 7733822 71268942 0 0 0 0 0 0 0 
mst_topo.1.sm_75.ptx 524 : 7733822 56557746 0 0 0 0 0 0 0 
mst_topo.1.sm_75.ptx 537 : 16313034 0 0 0 0 0 0 0 0 
mst_topo.1.sm_75.ptx 561 : 16313034 122206732 0 0 0 4931075 763113 0 0 
mst_topo.1.sm_75.ptx 562 : 16313034 653749060 0 0 0 2637907 763113 0 0 
mst_topo.1.sm_75.ptx 563 : 16313034 106007291 0 0 0 0 0 0 0 
mst_topo.1.sm_75.ptx 564 : 16313034 45816978 0 0 0 0 0 0 0 
mst_topo.1.sm_75.ptx 566 : 7733822 4802730876 30935296 0 0 966728 241682 0 0 
mst_topo.1.sm_75.ptx 569 : 16313034 103120835 0 0 0 0 0 0 0 
mst_topo.1.sm_75.ptx 570 : 16313034 149620245 0 0 0 0 0 0 0 
mst_topo.1.sm_75.ptx 571 : 16313034 101348071 0 0 0 0 0 0 0 
mst_topo.1.sm_75.ptx 572 : 16313034 41255561 0 0 0 0 0 0 416611 
mst_topo.1.sm_75.ptx 573 : 8579212 46648881 0 0 0 0 0 0 0 
mst_topo.1.sm_75.ptx 576 : 7734016 40784480 0 0 0 0 0 0 0 
mst_topo.1.sm_75.ptx 603 : 7734016 103034848 0 0 0 0 0 0 0 
mst_topo.1.sm_75.ptx 604 : 7734016 101859008 0 0 0 0 0 0 0 
mst_topo.1.sm_75.ptx 605 : 7734016 101470592 0 0 0 0 0 0 0 
mst_topo.1.sm_75.ptx 606 : 7734016 104964960 0 0 0 0 0 0 0 
mst_topo.1.sm_75.ptx 607 : 7734016 57207904 0 0 0 0 0 0 0 
mst_topo.1.sm_75.ptx 608 : 7734016 48631776 0 0 0 0 0 0 0 
mst_topo.1.sm_75.ptx 609 : 7734016 48261536 0 0 0 0 0 0 0 
mst_topo.1.sm_75.ptx 610 : 7734016 48592448 0 0 0 0 0 0 0 
mst_topo.1.sm_75.ptx 611 : 7734016 76214976 0 0 0 0 0 0 0 
mst_topo.1.sm_75.ptx 612 : 7734016 49984960 0 0 0 0 0 0 0 
mst_topo.1.sm_75.ptx 613 : 7734016 1036 0 0 0 0 0 0 1 
mst_topo.1.sm_75.ptx 615 : 7733822 52928052 0 0 0 0 0 0 0 
mst_topo.1.sm_75.ptx 616 : 7733822 75766286 0 0 0 0 0 0 0 
mst_topo.1.sm_75.ptx 617 : 7733822 76399278 0 0 0 0 0 0 0 
mst_topo.1.sm_75.ptx 627 : 7733822 47857396 0 0 0 0 0 0 0 
mst_topo.1.sm_75.ptx 630 : 7733822 47694004 0 0 0 0 0 0 0 
mst_topo.1.sm_75.ptx 631 : 7733822 71507918 0 0 0 0 0 0 0 
mst_topo.1.sm_75.ptx 638 : 7733822 71127182 0 0 0 0 0 0 0 
mst_topo.1.sm_75.ptx 648 : 7733822 47875732 0 0 0 0 0 0 0 
mst_topo.1.sm_75.ptx 649 : 7733822 71875214 0 0 0 0 0 0 0 
mst_topo.1.sm_75.ptx 650 : 7733822 59537554 0 0 0 0 0 0 0 
mst_topo.1.sm_75.ptx 651 : 7733822 64219536 0 0 0 0 0 0 0 
mst_topo.1.sm_75.ptx 652 : 7733822 79471434 0 0 0 0 0 0 0 
mst_topo.1.sm_75.ptx 655 : 7733822 55190930 0 0 0 0 0 0 0 
mst_topo.1.sm_75.ptx 656 : 7733822 76755308 0 0 0 0 0 0 0 
mst_topo.1.sm_75.ptx 657 : 7733822 71397422 0 0 0 0 0 0 0 
mst_topo.1.sm_75.ptx 658 : 7733822 6054848708 65252160 0 0 2216958 241682 0 0 
mst_topo.1.sm_75.ptx 659 : 7733822 51835508 0 0 0 0 0 0 0 
