kernel line : count latency dram_traffic smem_bk_conflicts smem_warp gmem_access_generated gmem_warp exposed_latency warp_divergence
GRU_L2_50_K0.1.sm_75.ptx 231 : 65536 128643552 0 0 0 0 0 0 0 
GRU_L2_50_K0.1.sm_75.ptx 230 : 65536 797063968 0 0 0 65536 2048 0 0 
GRU_L2_50_K0.1.sm_75.ptx 229 : 65536 14510720 0 0 0 0 0 0 0 
GRU_L2_50_K0.1.sm_75.ptx 228 : 65536 51912384 0 0 0 0 0 0 0 
GRU_L2_50_K0.1.sm_75.ptx 221 : 128 3949 0 0 0 0 0 0 0 
GRU_L2_50_K0.1.sm_75.ptx 220 : 128 19930 0 0 0 0 0 0 0 
GRU_L2_50_K0.1.sm_75.ptx 219 : 128 20025 0 0 0 0 0 0 0 
GRU_L2_50_K0.1.sm_75.ptx 218 : 128 770 0 0 0 0 0 0 0 
GRU_L2_50_K0.1.sm_75.ptx 217 : 128 1175 0 0 0 0 0 0 0 
GRU_L2_50_K0.1.sm_75.ptx 216 : 128 13846 0 0 0 0 0 0 0 
GRU_L2_50_K0.1.sm_75.ptx 215 : 128 28906 0 0 0 0 0 0 0 
GRU_L2_50_K0.1.sm_75.ptx 214 : 128 22933 0 0 0 0 0 0 0 
GRU_L2_50_K0.1.sm_75.ptx 213 : 128 13306 0 0 0 0 0 0 0 
GRU_L2_50_K0.1.sm_75.ptx 212 : 128 3328 0 0 0 0 0 0 0 
GRU_L2_50_K0.1.sm_75.ptx 211 : 128 80657 0 0 0 0 0 0 0 
GRU_L2_50_K0.1.sm_75.ptx 210 : 128 14470 0 0 0 0 0 0 0 
GRU_L2_50_K0.1.sm_75.ptx 209 : 128 3328 0 0 0 0 0 0 0 
GRU_L2_50_K0.1.sm_75.ptx 208 : 128 10280 0 0 0 0 0 0 0 
GRU_L2_50_K0.1.sm_75.ptx 191 : 128 651 0 0 0 0 0 0 0 
GRU_L2_50_K0.1.sm_75.ptx 227 : 65536 14903200 0 0 0 0 0 0 0 
GRU_L2_50_K0.1.sm_75.ptx 226 : 65536 96095392 0 0 0 0 0 0 0 
GRU_L2_50_K0.1.sm_75.ptx 225 : 65536 1161153696 32 0 0 65536 2048 0 0 
GRU_L2_50_K0.1.sm_75.ptx 224 : 65536 3874784 0 0 0 0 0 0 0 
GRU_L2_50_K0.1.sm_75.ptx 205 : 65408 15824570 0 0 0 0 0 0 0 
GRU_L2_50_K0.1.sm_75.ptx 204 : 65408 6246212 0 0 0 0 0 0 0 
GRU_L2_50_K0.1.sm_75.ptx 203 : 65408 2954836 0 0 0 0 0 0 0 
GRU_L2_50_K0.1.sm_75.ptx 202 : 65408 9781971 0 0 0 0 0 0 0 
GRU_L2_50_K0.1.sm_75.ptx 201 : 65408 4181069 0 0 0 0 0 0 0 
GRU_L2_50_K0.1.sm_75.ptx 200 : 65408 10176232 0 0 0 0 0 0 0 
GRU_L2_50_K0.1.sm_75.ptx 199 : 65408 11560490 0 0 0 0 0 0 0 
GRU_L2_50_K0.1.sm_75.ptx 198 : 65408 12309553 0 0 0 0 0 0 0 
GRU_L2_50_K0.1.sm_75.ptx 197 : 65408 7551684 0 0 0 0 0 0 0 
GRU_L2_50_K0.1.sm_75.ptx 196 : 65408 1041555 0 0 0 0 0 0 0 
GRU_L2_50_K0.1.sm_75.ptx 195 : 65408 2711496 0 0 0 0 0 0 0 
GRU_L2_50_K0.1.sm_75.ptx 194 : 65408 6956007 0 0 0 0 0 0 0 
GRU_L2_50_K0.1.sm_75.ptx 190 : 65536 8496601 0 0 0 0 0 0 128 
GRU_L2_50_K0.1.sm_75.ptx 189 : 65536 5606624 0 0 0 0 0 0 0 
GRU_L2_50_K0.1.sm_75.ptx 188 : 65536 56319840 0 0 0 0 0 0 0 
GRU_L2_50_K0.1.sm_75.ptx 187 : 65536 58262464 0 0 0 0 0 0 0 
GRU_L2_50_K0.1.sm_75.ptx 186 : 65536 915194624 0 0 0 65536 2048 0 0 
GRU_L2_50_K0.1.sm_75.ptx 185 : 65536 64704192 0 0 0 0 0 0 0 
GRU_L2_50_K0.1.sm_75.ptx 184 : 65536 50506080 0 0 0 0 0 0 0 
GRU_L2_50_K0.1.sm_75.ptx 183 : 65536 765595776 0 0 0 65536 2048 0 0 
GRU_L2_50_K0.1.sm_75.ptx 182 : 65536 47679872 0 0 0 0 0 0 0 
GRU_L2_50_K0.1.sm_75.ptx 181 : 65536 525149536 0 0 0 2048 2048 0 0 
GRU_L2_50_K0.1.sm_75.ptx 179 : 1638400 50313440 0 0 0 0 0 0 0 
GRU_L2_50_K0.1.sm_75.ptx 178 : 1638400 56714592 0 0 0 0 0 0 0 
GRU_L2_50_K0.1.sm_75.ptx 95 : 1638400 99916192 0 0 0 0 0 0 0 
GRU_L2_50_K0.1.sm_75.ptx 94 : 1638400 78305344 0 0 0 0 0 0 0 
GRU_L2_50_K0.1.sm_75.ptx 93 : 1638400 75671936 0 0 0 0 0 0 0 
GRU_L2_50_K0.1.sm_75.ptx 92 : 1638400 138657184 0 0 0 0 0 0 0 
GRU_L2_50_K0.1.sm_75.ptx 91 : 1638400 390598240 0 0 0 0 0 0 0 
GRU_L2_50_K0.1.sm_75.ptx 90 : 1638400 3043136448 0 0 0 0 0 0 0 
GRU_L2_50_K0.1.sm_75.ptx 89 : 1638400 3288417152 0 0 0 0 0 0 0 
GRU_L2_50_K0.1.sm_75.ptx 88 : 1638400 15376463776 60704 0 0 1638321 51200 0 0 
GRU_L2_50_K0.1.sm_75.ptx 87 : 1638400 2709672544 0 0 0 0 0 0 0 
GRU_L2_50_K0.1.sm_75.ptx 86 : 1638400 14152917920 0 0 0 51199 51200 0 0 
GRU_L2_50_K0.1.sm_75.ptx 85 : 1638400 17365942944 101984 0 0 1638400 51200 0 0 
GRU_L2_50_K0.1.sm_75.ptx 84 : 1638400 3359498848 0 0 0 0 0 0 0 
GRU_L2_50_K0.1.sm_75.ptx 83 : 1638400 15476788160 60736 0 0 1638251 51200 0 0 
GRU_L2_50_K0.1.sm_75.ptx 82 : 1638400 2734070144 0 0 0 0 0 0 0 
GRU_L2_50_K0.1.sm_75.ptx 81 : 1638400 12888280896 0 0 0 51193 51200 0 0 
GRU_L2_50_K0.1.sm_75.ptx 80 : 1638400 16974431136 293376 0 0 1638400 51200 0 0 
GRU_L2_50_K0.1.sm_75.ptx 79 : 1638400 3374799648 0 0 0 0 0 0 0 
GRU_L2_50_K0.1.sm_75.ptx 78 : 1638400 14210993888 60608 0 0 1638243 51200 0 0 
GRU_L2_50_K0.1.sm_75.ptx 77 : 1638400 2698577856 0 0 0 0 0 0 0 
GRU_L2_50_K0.1.sm_75.ptx 76 : 1638400 12686025280 0 0 0 51200 51200 0 0 
GRU_L2_50_K0.1.sm_75.ptx 75 : 1638400 15638917856 101888 0 0 1638322 51200 0 0 
GRU_L2_50_K0.1.sm_75.ptx 74 : 1638400 3419059616 0 0 0 0 0 0 0 
GRU_L2_50_K0.1.sm_75.ptx 73 : 1638400 15042871456 60640 0 0 1638244 51200 0 0 
GRU_L2_50_K0.1.sm_75.ptx 72 : 1638400 2853027872 0 0 0 0 0 0 0 
GRU_L2_50_K0.1.sm_75.ptx 71 : 1638400 15065450048 96 0 0 51200 51200 0 0 
GRU_L2_50_K0.1.sm_75.ptx 70 : 1638400 16077580768 293152 0 0 1638400 51200 0 0 
GRU_L2_50_K0.1.sm_75.ptx 67 : 65536 288919232 0 0 0 0 0 0 0 
GRU_L2_50_K0.1.sm_75.ptx 50 : 65536 452992 0 0 0 0 0 0 0 
GRU_L2_50_K0.1.sm_75.ptx 177 : 1638400 46326848 0 0 0 0 0 0 0 
GRU_L2_50_K0.1.sm_75.ptx 49 : 65536 694912 0 0 0 0 0 0 0 
GRU_L2_50_K0.1.sm_75.ptx 176 : 1638400 88790752 0 0 0 0 0 0 0 
GRU_L2_50_K0.1.sm_75.ptx 48 : 65536 876544 0 0 0 0 0 0 0 
GRU_L2_50_K0.1.sm_75.ptx 175 : 1638400 195381344 0 0 0 0 0 0 0 
GRU_L2_50_K0.1.sm_75.ptx 47 : 65536 851968 0 0 0 0 0 0 0 
GRU_L2_50_K0.1.sm_75.ptx 174 : 1638400 1810308448 0 0 0 0 0 0 0 
GRU_L2_50_K0.1.sm_75.ptx 46 : 65536 851968 0 0 0 0 0 0 0 
GRU_L2_50_K0.1.sm_75.ptx 173 : 1638400 2043369600 0 0 0 0 0 0 0 
GRU_L2_50_K0.1.sm_75.ptx 45 : 65536 851968 0 0 0 0 0 0 0 
GRU_L2_50_K0.1.sm_75.ptx 172 : 1638400 10300571616 96 0 0 1638400 51200 0 0 
GRU_L2_50_K0.1.sm_75.ptx 44 : 65536 851968 0 0 0 0 0 0 0 
GRU_L2_50_K0.1.sm_75.ptx 171 : 1638400 671621024 0 0 0 0 0 0 0 
GRU_L2_50_K0.1.sm_75.ptx 43 : 65536 851968 0 0 0 0 0 0 0 
GRU_L2_50_K0.1.sm_75.ptx 170 : 1638400 4314436352 0 51200 51200 0 0 0 0 
GRU_L2_50_K0.1.sm_75.ptx 42 : 65536 851968 0 0 0 0 0 0 0 
GRU_L2_50_K0.1.sm_75.ptx 169 : 1638400 9034945888 0 0 0 51200 51200 0 0 
GRU_L2_50_K0.1.sm_75.ptx 41 : 65536 851968 0 0 0 0 0 0 0 
GRU_L2_50_K0.1.sm_75.ptx 168 : 1638400 2278581152 0 0 0 0 0 0 0 
GRU_L2_50_K0.1.sm_75.ptx 99 : 65536 657068384 0 0 0 65536 2048 0 0 
GRU_L2_50_K0.1.sm_75.ptx 40 : 65536 851968 0 0 0 0 0 0 0 
GRU_L2_50_K0.1.sm_75.ptx 167 : 1638400 9523144384 128 0 0 1638400 51200 0 0 
GRU_L2_50_K0.1.sm_75.ptx 98 : 65536 8618592 0 0 0 0 0 0 0 
GRU_L2_50_K0.1.sm_75.ptx 39 : 65536 798464 0 0 0 0 0 0 0 
GRU_L2_50_K0.1.sm_75.ptx 166 : 1638400 610025888 0 0 0 0 0 0 0 
GRU_L2_50_K0.1.sm_75.ptx 97 : 65536 1422496 0 0 0 0 0 0 0 
GRU_L2_50_K0.1.sm_75.ptx 38 : 65536 3170304 0 0 0 0 0 0 0 
GRU_L2_50_K0.1.sm_75.ptx 165 : 1638400 4095263968 0 51200 51200 0 0 0 0 
GRU_L2_50_K0.1.sm_75.ptx 51 : 65536 393216 0 0 0 0 0 0 0 
GRU_L2_50_K0.1.sm_75.ptx 52 : 65536 393216 0 0 0 0 0 0 0 
GRU_L2_50_K0.1.sm_75.ptx 53 : 65536 393216 0 0 0 0 0 0 0 
GRU_L2_50_K0.1.sm_75.ptx 54 : 65536 393216 0 0 0 0 0 0 0 
GRU_L2_50_K0.1.sm_75.ptx 55 : 65536 393216 0 0 0 0 0 0 0 
GRU_L2_50_K0.1.sm_75.ptx 56 : 65536 393216 0 0 0 0 0 0 0 
GRU_L2_50_K0.1.sm_75.ptx 57 : 65536 688128 0 0 0 0 0 0 0 
GRU_L2_50_K0.1.sm_75.ptx 58 : 65536 471872 0 0 0 0 0 0 0 
GRU_L2_50_K0.1.sm_75.ptx 59 : 65536 853248 0 0 0 0 0 0 0 
GRU_L2_50_K0.1.sm_75.ptx 60 : 65536 505024 0 0 0 0 0 0 0 
GRU_L2_50_K0.1.sm_75.ptx 61 : 65536 678112 0 0 0 0 0 0 0 
GRU_L2_50_K0.1.sm_75.ptx 62 : 65536 709216 0 0 0 0 0 0 0 
GRU_L2_50_K0.1.sm_75.ptx 63 : 65536 739936 0 0 0 0 0 0 0 
GRU_L2_50_K0.1.sm_75.ptx 64 : 65536 36342496 0 0 0 0 0 0 0 
GRU_L2_50_K0.1.sm_75.ptx 65 : 65536 111480064 0 0 0 0 0 0 0 
GRU_L2_50_K0.1.sm_75.ptx 66 : 65536 156220320 0 0 0 0 0 0 0 
GRU_L2_50_K0.1.sm_75.ptx 100 : 65536 70114304 0 0 0 0 0 0 0 
GRU_L2_50_K0.1.sm_75.ptx 101 : 65536 579721664 0 0 0 2048 2048 0 0 
GRU_L2_50_K0.1.sm_75.ptx 102 : 65536 61021344 0 0 0 0 0 0 0 
GRU_L2_50_K0.1.sm_75.ptx 103 : 65536 81086880 0 0 0 0 0 0 0 
GRU_L2_50_K0.1.sm_75.ptx 104 : 65536 15535040 0 0 0 0 0 0 0 
GRU_L2_50_K0.1.sm_75.ptx 105 : 65536 555629632 0 0 0 65536 2048 0 0 
GRU_L2_50_K0.1.sm_75.ptx 106 : 65536 60636128 0 0 0 0 0 0 0 
GRU_L2_50_K0.1.sm_75.ptx 107 : 65536 50903584 0 0 0 0 0 0 0 
GRU_L2_50_K0.1.sm_75.ptx 108 : 65536 5999712 0 0 0 0 0 0 0 
GRU_L2_50_K0.1.sm_75.ptx 109 : 65536 2659456 0 0 0 0 0 0 0 
GRU_L2_50_K0.1.sm_75.ptx 110 : 65536 0 0 0 0 0 0 0 0 
GRU_L2_50_K0.1.sm_75.ptx 112 : 65536 1837984 0 0 0 0 0 0 0 
GRU_L2_50_K0.1.sm_75.ptx 113 : 65536 4053440 0 0 0 0 0 0 0 
GRU_L2_50_K0.1.sm_75.ptx 114 : 65536 0 0 0 0 0 0 0 0 
GRU_L2_50_K0.1.sm_75.ptx 116 : 65536 1307456 0 0 0 0 0 0 0 
GRU_L2_50_K0.1.sm_75.ptx 117 : 65536 6001120 0 0 0 0 0 0 0 
GRU_L2_50_K0.1.sm_75.ptx 118 : 65536 32825280 0 0 0 0 0 0 0 
GRU_L2_50_K0.1.sm_75.ptx 121 : 65536 5161184 0 0 0 0 0 0 0 
GRU_L2_50_K0.1.sm_75.ptx 122 : 65536 2221888 0 0 0 0 0 0 0 
GRU_L2_50_K0.1.sm_75.ptx 123 : 65536 385989312 0 0 0 65536 2048 0 0 
GRU_L2_50_K0.1.sm_75.ptx 124 : 65536 51273664 0 0 0 0 0 0 0 
GRU_L2_50_K0.1.sm_75.ptx 125 : 65536 61085824 0 0 0 0 0 0 0 
GRU_L2_50_K0.1.sm_75.ptx 126 : 65536 312782176 0 0 0 65536 2048 0 0 
GRU_L2_50_K0.1.sm_75.ptx 127 : 65536 52002144 0 0 0 0 0 0 0 
GRU_L2_50_K0.1.sm_75.ptx 128 : 65536 25712320 0 0 0 0 0 0 0 
GRU_L2_50_K0.1.sm_75.ptx 129 : 65536 3779424 0 0 0 0 0 0 0 
GRU_L2_50_K0.1.sm_75.ptx 130 : 65536 0 0 0 0 0 0 0 0 
GRU_L2_50_K0.1.sm_75.ptx 132 : 65536 942848 0 0 0 0 0 0 0 
GRU_L2_50_K0.1.sm_75.ptx 133 : 65536 1005344 0 0 0 0 0 0 0 
GRU_L2_50_K0.1.sm_75.ptx 134 : 65536 0 0 0 0 0 0 0 0 
GRU_L2_50_K0.1.sm_75.ptx 136 : 65536 406272 0 0 0 0 0 0 0 
GRU_L2_50_K0.1.sm_75.ptx 137 : 65536 6372160 0 0 0 0 0 0 0 
GRU_L2_50_K0.1.sm_75.ptx 138 : 65536 27029280 0 0 0 0 0 0 0 
GRU_L2_50_K0.1.sm_75.ptx 141 : 65536 4056960 0 0 0 0 0 0 0 
GRU_L2_50_K0.1.sm_75.ptx 142 : 65536 999136 0 0 0 0 0 0 0 
GRU_L2_50_K0.1.sm_75.ptx 143 : 65536 400032 0 0 0 0 0 0 0 
GRU_L2_50_K0.1.sm_75.ptx 144 : 65536 2531488 0 0 0 0 0 0 0 
GRU_L2_50_K0.1.sm_75.ptx 145 : 65536 1015296 0 0 0 0 0 0 0 
GRU_L2_50_K0.1.sm_75.ptx 146 : 65536 3034592 0 0 0 0 0 0 0 
GRU_L2_50_K0.1.sm_75.ptx 147 : 65536 858688 0 0 0 0 0 0 0 
GRU_L2_50_K0.1.sm_75.ptx 148 : 65536 241804448 0 65536 2048 0 0 0 0 
GRU_L2_50_K0.1.sm_75.ptx 149 : 65536 50083712 0 0 0 0 0 0 0 
GRU_L2_50_K0.1.sm_75.ptx 150 : 65536 770048 0 0 0 0 0 0 0 
GRU_L2_50_K0.1.sm_75.ptx 151 : 65536 515744 0 0 0 0 0 0 0 
GRU_L2_50_K0.1.sm_75.ptx 154 : 1638400 7356277920 0 0 0 51200 51200 0 0 
GRU_L2_50_K0.1.sm_75.ptx 155 : 1638400 4287635424 0 51200 51200 0 0 0 0 
GRU_L2_50_K0.1.sm_75.ptx 156 : 1638400 738294752 0 0 0 0 0 0 0 
GRU_L2_50_K0.1.sm_75.ptx 157 : 1638400 10281666048 96 0 0 1638400 51200 0 0 
GRU_L2_50_K0.1.sm_75.ptx 158 : 1638400 2309134112 0 0 0 0 0 0 0 
GRU_L2_50_K0.1.sm_75.ptx 159 : 1638400 8936383168 0 0 0 51200 51200 0 0 
GRU_L2_50_K0.1.sm_75.ptx 160 : 1638400 4516975424 0 51200 51200 0 0 0 0 
GRU_L2_50_K0.1.sm_75.ptx 161 : 1638400 629515744 0 0 0 0 0 0 0 
GRU_L2_50_K0.1.sm_75.ptx 162 : 1638400 8755003008 64 0 0 1638400 51200 0 0 
GRU_L2_50_K0.1.sm_75.ptx 163 : 1638400 2220197856 0 0 0 0 0 0 0 
GRU_L2_50_K0.1.sm_75.ptx 164 : 1638400 8519799008 0 0 0 51200 51200 0 0 
