kernel line : count latency dram_traffic smem_bk_conflicts smem_warp gmem_access_generated gmem_warp exposed_latency warp_divergence
PathFinder_500000_500_50_L2_100.1.sm_75.ptx 154 : 5000000 33575399 0 0 0 798693 192076 0 0 
PathFinder_500000_500_50_L2_100.1.sm_75.ptx 153 : 5000000 49360109 0 0 0 0 0 0 0 
PathFinder_500000_500_50_L2_100.1.sm_75.ptx 152 : 5000000 50027944 0 0 0 0 0 0 0 
PathFinder_500000_500_50_L2_100.1.sm_75.ptx 157 : 8207360 54613536 0 0 0 0 0 0 0 
PathFinder_500000_500_50_L2_100.1.sm_75.ptx 151 : 5000000 184921758 0 192076 192076 0 0 0 0 
PathFinder_500000_500_50_L2_100.1.sm_75.ptx 150 : 5000000 34611015 0 0 0 0 0 0 0 
PathFinder_500000_500_50_L2_100.1.sm_75.ptx 148 : 8207360 20100189 0 0 0 0 0 0 64038 
PathFinder_500000_500_50_L2_100.1.sm_75.ptx 147 : 8207360 55820896 0 0 0 0 0 0 0 
PathFinder_500000_500_50_L2_100.1.sm_75.ptx 146 : 8207360 55459584 0 0 0 0 0 0 0 
PathFinder_500000_500_50_L2_100.1.sm_75.ptx 143 : 401339904 2403692640 0 0 0 0 0 0 0 
PathFinder_500000_500_50_L2_100.1.sm_75.ptx 142 : 401339904 2665170336 0 0 0 0 0 0 0 
PathFinder_500000_500_50_L2_100.1.sm_75.ptx 141 : 401339904 4665873408 0 0 0 0 0 0 0 
PathFinder_500000_500_50_L2_100.1.sm_75.ptx 140 : 401339904 5414875680 0 0 0 0 0 0 0 
PathFinder_500000_500_50_L2_100.1.sm_75.ptx 139 : 401339904 4010312896 0 0 0 0 0 0 0 
PathFinder_500000_500_50_L2_100.1.sm_75.ptx 138 : 401339904 2350080192 0 0 0 0 0 0 0 
PathFinder_500000_500_50_L2_100.1.sm_75.ptx 135 : 322608063 1597650714 0 11377294 11377294 0 0 0 0 
PathFinder_500000_500_50_L2_100.1.sm_75.ptx 134 : 322608063 12337850168 0 11377294 11377294 0 0 0 0 
PathFinder_500000_500_50_L2_100.1.sm_75.ptx 132 : 401339904 446183413 0 0 0 0 0 0 3067514 
PathFinder_500000_500_50_L2_100.1.sm_75.ptx 131 : 401339904 2583033152 0 0 0 0 0 0 0 
PathFinder_500000_500_50_L2_100.1.sm_75.ptx 129 : 409547264 51390624 0 0 0 0 0 0 0 
PathFinder_500000_500_50_L2_100.1.sm_75.ptx 128 : 409547264 2643903616 0 0 0 0 0 0 0 
PathFinder_500000_500_50_L2_100.1.sm_75.ptx 124 : 327608063 2120059120 0 0 0 0 0 0 0 
PathFinder_500000_500_50_L2_100.1.sm_75.ptx 123 : 327608063 1487441084 0 11569370 11569370 0 0 0 0 
PathFinder_500000_500_50_L2_100.1.sm_75.ptx 122 : 327608063 3084341405 0 0 0 0 0 0 0 
PathFinder_500000_500_50_L2_100.1.sm_75.ptx 121 : 327608063 122741876468 999529024 0 0 52046755 11569370 0 0 
PathFinder_500000_500_50_L2_100.1.sm_75.ptx 120 : 327608063 3144272711 0 0 0 0 0 0 0 
PathFinder_500000_500_50_L2_100.1.sm_75.ptx 127 : 409547264 2613449504 0 0 0 0 0 0 0 
PathFinder_500000_500_50_L2_100.1.sm_75.ptx 119 : 327608063 3539312973 0 0 0 0 0 0 0 
PathFinder_500000_500_50_L2_100.1.sm_75.ptx 118 : 327608063 3221034665 0 0 0 0 0 0 0 
PathFinder_500000_500_50_L2_100.1.sm_75.ptx 117 : 327608063 12100336312 0 11569370 11569370 0 0 0 0 
PathFinder_500000_500_50_L2_100.1.sm_75.ptx 116 : 327608063 3098877939 0 0 0 0 0 0 0 
PathFinder_500000_500_50_L2_100.1.sm_75.ptx 115 : 327608063 13700404835 0 11569370 11569370 0 0 0 0 
PathFinder_500000_500_50_L2_100.1.sm_75.ptx 114 : 327608063 12893895697 0 11569370 11569370 0 0 0 0 
PathFinder_500000_500_50_L2_100.1.sm_75.ptx 112 : 409547264 482510824 0 0 0 0 0 0 3131552 
PathFinder_500000_500_50_L2_100.1.sm_75.ptx 111 : 409547264 2672000512 0 0 0 0 0 0 0 
PathFinder_500000_500_50_L2_100.1.sm_75.ptx 110 : 409547264 2628650400 0 0 0 0 0 0 0 
PathFinder_500000_500_50_L2_100.1.sm_75.ptx 109 : 409547264 2734051776 0 0 0 0 0 0 0 
PathFinder_500000_500_50_L2_100.1.sm_75.ptx 108 : 409547264 2630124864 0 0 0 0 0 0 0 
PathFinder_500000_500_50_L2_100.1.sm_75.ptx 107 : 409547264 2690692608 0 0 0 0 0 0 0 
PathFinder_500000_500_50_L2_100.1.sm_75.ptx 106 : 409547264 2671163328 0 0 0 0 0 0 0 
PathFinder_500000_500_50_L2_100.1.sm_75.ptx 105 : 409547264 3940229088 0 0 0 0 0 0 0 
PathFinder_500000_500_50_L2_100.1.sm_75.ptx 104 : 409547264 2432997728 0 0 0 0 0 0 0 
PathFinder_500000_500_50_L2_100.1.sm_75.ptx 101 : 8207360 58163648 0 0 0 0 0 0 0 
PathFinder_500000_500_50_L2_100.1.sm_75.ptx 100 : 8207360 59037888 0 0 0 0 0 0 0 
PathFinder_500000_500_50_L2_100.1.sm_75.ptx 64 : 8194302 43241086 0 256094 256094 0 0 0 0 
PathFinder_500000_500_50_L2_100.1.sm_75.ptx 63 : 8194302 3068843408 20042080 0 0 1272386 256094 0 0 
PathFinder_500000_500_50_L2_100.1.sm_75.ptx 62 : 8194302 83808298 0 0 0 0 0 0 0 
PathFinder_500000_500_50_L2_100.1.sm_75.ptx 61 : 8194302 85614530 0 0 0 0 0 0 0 
PathFinder_500000_500_50_L2_100.1.sm_75.ptx 60 : 8194302 63894634 0 0 0 0 0 0 0 
PathFinder_500000_500_50_L2_100.1.sm_75.ptx 58 : 8207360 90676 0 0 0 0 0 0 29 
PathFinder_500000_500_50_L2_100.1.sm_75.ptx 57 : 8207360 66123232 0 0 0 0 0 0 0 
PathFinder_500000_500_50_L2_100.1.sm_75.ptx 56 : 8207360 83835360 0 0 0 0 0 0 0 
PathFinder_500000_500_50_L2_100.1.sm_75.ptx 55 : 8207360 57864544 0 0 0 0 0 0 0 
PathFinder_500000_500_50_L2_100.1.sm_75.ptx 54 : 8207360 64380960 0 0 0 0 0 0 0 
PathFinder_500000_500_50_L2_100.1.sm_75.ptx 53 : 8207360 64456000 0 0 0 0 0 0 0 
PathFinder_500000_500_50_L2_100.1.sm_75.ptx 52 : 8207360 59033696 0 0 0 0 0 0 0 
PathFinder_500000_500_50_L2_100.1.sm_75.ptx 51 : 8207360 83063744 0 0 0 0 0 0 0 
PathFinder_500000_500_50_L2_100.1.sm_75.ptx 50 : 8207360 65910304 0 0 0 0 0 0 0 
PathFinder_500000_500_50_L2_100.1.sm_75.ptx 37 : 8207360 71924000 0 0 0 0 0 0 0 
PathFinder_500000_500_50_L2_100.1.sm_75.ptx 96 : 8207360 86144544 0 0 0 0 0 0 0 
PathFinder_500000_500_50_L2_100.1.sm_75.ptx 67 : 8207360 54054368 0 0 0 0 0 0 0 
PathFinder_500000_500_50_L2_100.1.sm_75.ptx 38 : 8207360 217565152 0 0 0 0 0 0 0 
PathFinder_500000_500_50_L2_100.1.sm_75.ptx 97 : 8207360 70092800 0 0 0 0 0 0 0 
PathFinder_500000_500_50_L2_100.1.sm_75.ptx 68 : 8207360 51743360 0 0 0 0 0 0 0 
PathFinder_500000_500_50_L2_100.1.sm_75.ptx 39 : 8207360 114322048 0 0 0 0 0 0 0 
PathFinder_500000_500_50_L2_100.1.sm_75.ptx 98 : 8207360 71088416 0 0 0 0 0 0 0 
PathFinder_500000_500_50_L2_100.1.sm_75.ptx 40 : 8207360 107394592 0 0 0 0 0 0 0 
PathFinder_500000_500_50_L2_100.1.sm_75.ptx 99 : 8207360 60674624 0 0 0 0 0 0 0 
PathFinder_500000_500_50_L2_100.1.sm_75.ptx 41 : 8207360 107059232 0 0 0 0 0 0 0 
PathFinder_500000_500_50_L2_100.1.sm_75.ptx 42 : 8207360 107590624 0 0 0 0 0 0 0 
PathFinder_500000_500_50_L2_100.1.sm_75.ptx 43 : 8207360 110637632 0 0 0 0 0 0 0 
PathFinder_500000_500_50_L2_100.1.sm_75.ptx 44 : 8207360 78412448 0 0 0 0 0 0 0 
PathFinder_500000_500_50_L2_100.1.sm_75.ptx 45 : 8207360 61829344 0 0 0 0 0 0 0 
PathFinder_500000_500_50_L2_100.1.sm_75.ptx 46 : 8207360 86452352 0 0 0 0 0 0 0 
PathFinder_500000_500_50_L2_100.1.sm_75.ptx 47 : 8207360 68060672 0 0 0 0 0 0 0 
PathFinder_500000_500_50_L2_100.1.sm_75.ptx 48 : 8207360 83109984 0 0 0 0 0 0 0 
PathFinder_500000_500_50_L2_100.1.sm_75.ptx 49 : 8207360 84083296 0 0 0 0 0 0 0 
PathFinder_500000_500_50_L2_100.1.sm_75.ptx 69 : 8207360 90073024 0 0 0 0 0 0 0 
PathFinder_500000_500_50_L2_100.1.sm_75.ptx 70 : 8207360 72674880 0 0 0 0 0 0 0 
PathFinder_500000_500_50_L2_100.1.sm_75.ptx 71 : 8207360 0 0 0 0 0 0 0 0 
PathFinder_500000_500_50_L2_100.1.sm_75.ptx 73 : 8207360 58373120 0 0 0 0 0 0 0 
PathFinder_500000_500_50_L2_100.1.sm_75.ptx 74 : 8207360 56976032 0 0 0 0 0 0 0 
PathFinder_500000_500_50_L2_100.1.sm_75.ptx 75 : 8207360 56881760 0 0 0 0 0 0 0 
PathFinder_500000_500_50_L2_100.1.sm_75.ptx 76 : 8207360 56429824 0 0 0 0 0 0 0 
PathFinder_500000_500_50_L2_100.1.sm_75.ptx 77 : 8207360 59908224 0 0 0 0 0 0 0 
PathFinder_500000_500_50_L2_100.1.sm_75.ptx 78 : 8207360 83410752 0 0 0 0 0 0 0 
PathFinder_500000_500_50_L2_100.1.sm_75.ptx 79 : 8207360 61185728 0 0 0 0 0 0 0 
PathFinder_500000_500_50_L2_100.1.sm_75.ptx 80 : 8207360 57601152 0 0 0 0 0 0 0 
PathFinder_500000_500_50_L2_100.1.sm_75.ptx 81 : 8207360 82297984 0 0 0 0 0 0 0 
PathFinder_500000_500_50_L2_100.1.sm_75.ptx 82 : 8207360 84962528 0 0 0 0 0 0 0 
PathFinder_500000_500_50_L2_100.1.sm_75.ptx 83 : 8207360 82428512 0 0 0 0 0 0 0 
PathFinder_500000_500_50_L2_100.1.sm_75.ptx 84 : 8207360 67496736 0 0 0 0 0 0 0 
PathFinder_500000_500_50_L2_100.1.sm_75.ptx 85 : 8207360 92473408 0 0 0 0 0 0 0 
PathFinder_500000_500_50_L2_100.1.sm_75.ptx 86 : 8207360 91806592 0 0 0 0 0 0 0 
PathFinder_500000_500_50_L2_100.1.sm_75.ptx 87 : 8207360 84873728 0 0 0 0 0 0 0 
PathFinder_500000_500_50_L2_100.1.sm_75.ptx 88 : 8207360 59416256 0 0 0 0 0 0 0 
PathFinder_500000_500_50_L2_100.1.sm_75.ptx 89 : 8207360 84207648 0 0 0 0 0 0 0 
PathFinder_500000_500_50_L2_100.1.sm_75.ptx 90 : 8207360 91583040 0 0 0 0 0 0 0 
PathFinder_500000_500_50_L2_100.1.sm_75.ptx 91 : 8207360 60023104 0 0 0 0 0 0 0 
PathFinder_500000_500_50_L2_100.1.sm_75.ptx 92 : 8207360 87179072 0 0 0 0 0 0 0 
PathFinder_500000_500_50_L2_100.1.sm_75.ptx 93 : 8207360 69112864 0 0 0 0 0 0 0 
PathFinder_500000_500_50_L2_100.1.sm_75.ptx 94 : 8207360 91925856 0 0 0 0 0 0 0 
PathFinder_500000_500_50_L2_100.1.sm_75.ptx 95 : 8207360 86308224 0 0 0 0 0 0 0 
