kernel line : count latency dram_traffic smem_bk_conflicts smem_warp gmem_access_generated gmem_warp exposed_latency warp_divergence
mst_topo.1.sm_75.ptx 492 : 1271 0 0 0 0 0 0 0 0 
mst_topo.1.sm_75.ptx 491 : 1271 7626 0 0 0 0 0 0 0 
mst_topo.1.sm_75.ptx 490 : 1271 1023154 0 0 0 1271 40 0 0 
mst_topo.1.sm_75.ptx 489 : 1271 11439 0 0 0 0 0 0 0 
mst_topo.1.sm_75.ptx 488 : 1271 11439 0 0 0 0 0 0 0 
mst_topo.1.sm_75.ptx 487 : 1271 7626 0 0 0 0 0 0 0 
mst_topo.1.sm_75.ptx 486 : 1271 308396 0 0 0 159 40 0 0 
mst_topo.1.sm_75.ptx 485 : 1271 11439 0 0 0 0 0 0 0 
mst_topo.1.sm_75.ptx 484 : 1271 7626 0 0 0 0 0 0 0 
mst_topo.1.sm_75.ptx 481 : 1271 7754 0 0 0 0 0 0 0 
mst_topo.1.sm_75.ptx 401 : 1427132 5 0 0 0 0 0 0 1 
mst_topo.1.sm_75.ptx 400 : 1427132 8646166 0 0 0 0 0 0 0 
mst_topo.1.sm_75.ptx 399 : 1427132 485774877 0 0 0 1427132 46040 0 0 
mst_topo.1.sm_75.ptx 398 : 1427132 12927718 0 0 0 0 0 0 0 
mst_topo.1.sm_75.ptx 397 : 1427132 12866862 0 0 0 0 0 0 0 
mst_topo.1.sm_75.ptx 396 : 1427132 8576286 0 0 0 0 0 0 0 
mst_topo.1.sm_75.ptx 395 : 1427132 64747401 0 0 0 267256 46040 0 0 
mst_topo.1.sm_75.ptx 394 : 1427132 12929523 0 0 0 0 0 0 0 
mst_topo.1.sm_75.ptx 393 : 1427132 8611400 0 0 0 0 0 0 0 
mst_topo.1.sm_75.ptx 357 : 2815 17085 0 0 0 0 0 0 0 
mst_topo.1.sm_75.ptx 353 : 2815 17370 0 0 0 0 0 0 0 
mst_topo.1.sm_75.ptx 352 : 2815 557674 0 0 0 282 113 0 0 
mst_topo.1.sm_75.ptx 350 : 2815 16922 0 0 0 0 0 0 0 
mst_topo.1.sm_75.ptx 796 : 21 30 0 0 0 0 0 0 1 
mst_topo.1.sm_75.ptx 795 : 21 126 0 0 0 0 0 0 0 
mst_topo.1.sm_75.ptx 794 : 21 8649 0 0 0 16 5 0 0 
mst_topo.1.sm_75.ptx 793 : 21 195 0 0 0 0 0 0 0 
mst_topo.1.sm_75.ptx 792 : 21 189 0 0 0 0 0 0 0 
mst_topo.1.sm_75.ptx 791 : 21 126 0 0 0 0 0 0 0 
mst_topo.1.sm_75.ptx 789 : 21 189 0 0 0 0 0 0 0 
mst_topo.1.sm_75.ptx 788 : 21 126 0 0 0 0 0 0 0 
mst_topo.1.sm_75.ptx 915 : 16640 83200 0 0 0 0 0 0 0 
mst_topo.1.sm_75.ptx 911 : 16640 108160 0 0 0 0 0 0 0 
mst_topo.1.sm_75.ptx 889 : 1271 6355 0 0 0 0 0 0 0 
mst_topo.1.sm_75.ptx 347 : 1271 8033 0 0 0 0 0 0 0 
mst_topo.1.sm_75.ptx 888 : 1271 5555 0 0 0 182 58 0 0 
mst_topo.1.sm_75.ptx 887 : 1271 6355 0 0 0 0 0 0 0 
mst_topo.1.sm_75.ptx 879 : 1271 390052 320 0 0 1193 58 0 0 
mst_topo.1.sm_75.ptx 351 : 2815 25405 0 0 0 0 0 0 0 
mst_topo.1.sm_75.ptx 892 : 2313 10574 0 0 0 88 88 0 0 
mst_topo.1.sm_75.ptx 863 : 2385 21465 0 0 0 0 0 0 0 
mst_topo.1.sm_75.ptx 861 : 3584 5995 0 0 0 0 0 0 16 
mst_topo.1.sm_75.ptx 860 : 3584 21504 0 0 0 0 0 0 0 
mst_topo.1.sm_75.ptx 859 : 3584 2345726 0 0 0 3365 121 0 0 
mst_topo.1.sm_75.ptx 858 : 3584 32678 0 0 0 0 0 0 0 
mst_topo.1.sm_75.ptx 857 : 3584 32698 0 0 0 0 0 0 0 
mst_topo.1.sm_75.ptx 855 : 3584 0 0 0 0 0 0 0 0 
mst_topo.1.sm_75.ptx 854 : 3584 21880 0 0 0 0 0 0 0 
mst_topo.1.sm_75.ptx 853 : 3584 782332 0 0 0 467 121 0 0 
mst_topo.1.sm_75.ptx 852 : 3584 32602 0 0 0 0 0 0 0 
mst_topo.1.sm_75.ptx 851 : 3584 32605 0 0 0 0 0 0 0 
mst_topo.1.sm_75.ptx 842 : 6360 1458560 0 0 0 200 200 0 0 
mst_topo.1.sm_75.ptx 900 : 65 13346 0 0 0 65 65 0 0 
mst_topo.1.sm_75.ptx 358 : 2815 7816 0 0 0 0 0 0 34 
mst_topo.1.sm_75.ptx 899 : 65 325 0 0 0 0 0 0 0 
mst_topo.1.sm_75.ptx 356 : 2815 1268444 0 0 0 2691 113 0 0 
mst_topo.1.sm_75.ptx 897 : 16640 82875 0 0 0 0 0 0 65 
mst_topo.1.sm_75.ptx 355 : 2815 25912 0 0 0 0 0 0 0 
mst_topo.1.sm_75.ptx 896 : 16640 85856 0 0 0 0 0 0 0 
mst_topo.1.sm_75.ptx 354 : 2815 25847 0 0 0 0 0 0 0 
mst_topo.1.sm_75.ptx 895 : 16640 79584 0 0 0 0 0 0 0 
mst_topo.1.sm_75.ptx 849 : 16640 65796 0 0 0 0 0 0 24 
mst_topo.1.sm_75.ptx 848 : 16640 99968 0 0 0 0 0 0 0 
mst_topo.1.sm_75.ptx 847 : 16640 99840 0 0 0 0 0 0 0 
mst_topo.1.sm_75.ptx 846 : 16640 99840 0 0 0 0 0 0 0 
mst_topo.1.sm_75.ptx 821 : 3585 15364 0 0 0 124 121 0 0 
mst_topo.1.sm_75.ptx 807 : 3585 6390 0 0 0 0 0 0 1 
mst_topo.1.sm_75.ptx 806 : 3585 21510 0 0 0 0 0 0 0 
mst_topo.1.sm_75.ptx 805 : 3585 2570591 0 0 0 3320 121 0 0 
mst_topo.1.sm_75.ptx 804 : 3585 32656 0 0 0 0 0 0 0 
mst_topo.1.sm_75.ptx 803 : 3585 32521 0 0 0 0 0 0 0 
mst_topo.1.sm_75.ptx 802 : 3585 21676 0 0 0 0 0 0 0 
mst_topo.1.sm_75.ptx 801 : 3585 933686 0 0 0 458 121 0 0 
mst_topo.1.sm_75.ptx 800 : 3585 32265 0 0 0 0 0 0 0 
mst_topo.1.sm_75.ptx 799 : 3585 14436 0 0 0 458 121 0 0 
mst_topo.1.sm_75.ptx 779 : 3585 32265 0 0 0 0 0 0 0 
mst_topo.1.sm_75.ptx 769 : 16640 99840 0 0 0 0 0 0 0 
mst_topo.1.sm_75.ptx 766 : 16640 99840 0 0 0 0 0 0 0 
mst_topo.1.sm_75.ptx 765 : 16640 99840 0 0 0 0 0 0 0 
mst_topo.1.sm_75.ptx 764 : 16640 99840 0 0 0 0 0 0 0 
mst_topo.1.sm_75.ptx 763 : 16640 99840 0 0 0 0 0 0 0 
mst_topo.1.sm_75.ptx 762 : 16640 99840 0 0 0 0 0 0 0 
mst_topo.1.sm_75.ptx 761 : 16640 99840 0 0 0 0 0 0 0 
mst_topo.1.sm_75.ptx 760 : 16640 99840 0 0 0 0 0 0 0 
mst_topo.1.sm_75.ptx 759 : 16640 99840 0 0 0 0 0 0 0 
mst_topo.1.sm_75.ptx 758 : 16640 99840 0 0 0 0 0 0 0 
mst_topo.1.sm_75.ptx 757 : 16640 291200 0 0 0 0 0 0 0 
mst_topo.1.sm_75.ptx 756 : 16640 108160 0 0 0 0 0 0 0 
mst_topo.1.sm_75.ptx 755 : 16640 108160 0 0 0 0 0 0 0 
mst_topo.1.sm_75.ptx 754 : 16640 116480 0 0 0 0 0 0 0 
mst_topo.1.sm_75.ptx 753 : 16640 149760 0 0 0 0 0 0 0 
mst_topo.1.sm_75.ptx 752 : 16640 99840 0 0 0 0 0 0 0 
mst_topo.1.sm_75.ptx 751 : 16640 99840 0 0 0 0 0 0 0 
mst_topo.1.sm_75.ptx 749 : 16640 0 0 0 0 0 0 0 0 
mst_topo.1.sm_75.ptx 748 : 16640 99840 0 0 0 0 0 0 0 
mst_topo.1.sm_75.ptx 747 : 16640 149760 0 0 0 0 0 0 0 
mst_topo.1.sm_75.ptx 746 : 16640 432640 0 0 0 0 0 0 0 
mst_topo.1.sm_75.ptx 745 : 16640 149760 0 0 0 0 0 0 0 
mst_topo.1.sm_75.ptx 744 : 16640 149760 0 0 0 0 0 0 0 
mst_topo.1.sm_75.ptx 743 : 16640 149760 0 0 0 0 0 0 0 
mst_topo.1.sm_75.ptx 742 : 16640 108160 0 0 0 0 0 0 0 
mst_topo.1.sm_75.ptx 741 : 16640 166400 0 0 0 0 0 0 0 
mst_topo.1.sm_75.ptx 740 : 16640 99840 0 0 0 0 0 0 0 
mst_topo.1.sm_75.ptx 739 : 16640 99840 0 0 0 0 0 0 0 
mst_topo.1.sm_75.ptx 738 : 16640 125376 0 0 0 0 0 0 0 
mst_topo.1.sm_75.ptx 737 : 16640 186656 0 0 0 0 0 0 0 
mst_topo.1.sm_75.ptx 736 : 16640 228800 0 0 0 0 0 0 0 
mst_topo.1.sm_75.ptx 735 : 16640 216320 0 0 0 0 0 0 0 
mst_topo.1.sm_75.ptx 734 : 16640 216320 0 0 0 0 0 0 0 
mst_topo.1.sm_75.ptx 733 : 16640 216320 0 0 0 0 0 0 0 
mst_topo.1.sm_75.ptx 732 : 16640 216320 0 0 0 0 0 0 0 
mst_topo.1.sm_75.ptx 731 : 16640 216320 0 0 0 0 0 0 0 
mst_topo.1.sm_75.ptx 730 : 16640 212480 0 0 0 0 0 0 0 
mst_topo.1.sm_75.ptx 729 : 16640 192992 0 0 0 0 0 0 0 
mst_topo.1.sm_75.ptx 728 : 16640 713760 0 0 0 0 0 0 0 
mst_topo.1.sm_75.ptx 727 : 16640 97440 0 0 0 0 0 0 0 
mst_topo.1.sm_75.ptx 704 : 2560 12864 0 0 0 0 0 0 0 
mst_topo.1.sm_75.ptx 701 : 1272 5088 0 0 0 40 40 0 0 
mst_topo.1.sm_75.ptx 700 : 1272 8648 0 0 0 0 0 0 0 
mst_topo.1.sm_75.ptx 699 : 1272 11640 0 0 0 0 0 0 0 
mst_topo.1.sm_75.ptx 689 : 1272 6584 0 0 0 0 0 0 0 
mst_topo.1.sm_75.ptx 688 : 1272 7632 0 0 0 0 0 0 0 
mst_topo.1.sm_75.ptx 687 : 1272 7696 0 0 0 0 0 0 0 
mst_topo.1.sm_75.ptx 686 : 1272 7664 0 0 0 0 0 0 0 
mst_topo.1.sm_75.ptx 685 : 1272 644848 0 0 0 159 40 0 0 
mst_topo.1.sm_75.ptx 684 : 1272 7680 0 0 0 41 40 0 0 
mst_topo.1.sm_75.ptx 670 : 1272 6392 0 0 0 0 0 0 0 
mst_topo.1.sm_75.ptx 669 : 1272 7632 0 0 0 0 0 0 0 
mst_topo.1.sm_75.ptx 668 : 1272 787840 0 0 0 1170 40 0 0 
mst_topo.1.sm_75.ptx 667 : 1272 11448 0 0 0 0 0 0 0 
mst_topo.1.sm_75.ptx 666 : 1272 11448 0 0 0 0 0 0 0 
mst_topo.1.sm_75.ptx 665 : 1272 7632 0 0 0 0 0 0 0 
mst_topo.1.sm_75.ptx 664 : 1272 552824 4608 0 0 1272 40 0 0 
mst_topo.1.sm_75.ptx 663 : 1272 11512 0 0 0 0 0 0 0 
mst_topo.1.sm_75.ptx 662 : 1272 7632 0 0 0 0 0 0 0 
mst_topo.1.sm_75.ptx 660 : 1272 0 0 0 0 0 0 0 0 
mst_topo.1.sm_75.ptx 434 : 2560 12896 0 0 0 0 0 0 0 
mst_topo.1.sm_75.ptx 431 : 1272 266904 0 0 0 159 40 0 0 
mst_topo.1.sm_75.ptx 428 : 2544 15264 0 0 0 0 0 0 0 
mst_topo.1.sm_75.ptx 427 : 2544 15296 0 0 0 0 0 0 0 
mst_topo.1.sm_75.ptx 407 : 1429530 8778026 0 0 0 0 0 0 0 
mst_topo.1.sm_75.ptx 390 : 1429530 12066 0 0 0 0 0 0 786 
mst_topo.1.sm_75.ptx 389 : 1429530 8599715 0 0 0 0 0 0 0 
mst_topo.1.sm_75.ptx 646 : 1272 0 0 0 0 0 0 0 0 
mst_topo.1.sm_75.ptx 388 : 1429530 396779025 3584 0 0 596969 46116 0 0 
mst_topo.1.sm_75.ptx 645 : 1272 8048 0 0 0 0 0 0 0 
mst_topo.1.sm_75.ptx 387 : 1429530 12871834 0 0 0 0 0 0 0 
mst_topo.1.sm_75.ptx 644 : 1272 462208 0 0 0 159 40 0 0 
mst_topo.1.sm_75.ptx 386 : 1429530 12892890 0 0 0 0 0 0 0 
mst_topo.1.sm_75.ptx 643 : 1272 11448 0 0 0 0 0 0 0 
mst_topo.1.sm_75.ptx 385 : 1429530 8598108 0 0 0 0 0 0 0 
mst_topo.1.sm_75.ptx 642 : 1272 7632 0 0 0 0 0 0 0 
mst_topo.1.sm_75.ptx 384 : 1429530 607557639 5749152 0 0 1429530 46116 0 0 
mst_topo.1.sm_75.ptx 641 : 1272 483320 5120 0 0 199 40 0 0 
mst_topo.1.sm_75.ptx 383 : 1429530 12900496 0 0 0 0 0 0 0 
mst_topo.1.sm_75.ptx 640 : 1272 11448 0 0 0 0 0 0 0 
mst_topo.1.sm_75.ptx 382 : 1429530 8613644 0 0 0 0 0 0 0 
mst_topo.1.sm_75.ptx 639 : 1272 11448 0 0 0 0 0 0 0 
mst_topo.1.sm_75.ptx 380 : 2856516 7203650 0 0 0 0 0 0 0 
mst_topo.1.sm_75.ptx 637 : 1272 8160 0 0 0 0 0 0 0 
mst_topo.1.sm_75.ptx 379 : 2856516 17293507 0 0 0 0 0 0 0 
mst_topo.1.sm_75.ptx 636 : 1272 8136 0 0 0 0 0 0 0 
mst_topo.1.sm_75.ptx 378 : 2856516 1101296244 10295520 0 0 2856516 92152 0 0 
mst_topo.1.sm_75.ptx 377 : 2856516 25719669 0 0 0 0 0 0 0 
mst_topo.1.sm_75.ptx 634 : 1272 0 0 0 0 0 0 0 0 
mst_topo.1.sm_75.ptx 375 : 2856516 17179108 0 0 0 0 0 0 0 
mst_topo.1.sm_75.ptx 632 : 1272 452400 5088 0 0 159 40 0 0 
mst_topo.1.sm_75.ptx 906 : 1789 8620 0 0 0 0 0 0 0 
mst_topo.1.sm_75.ptx 365 : 2544 838488 5120 0 0 398 80 0 0 
mst_topo.1.sm_75.ptx 622 : 1273 7638 0 0 0 0 0 0 0 
mst_topo.1.sm_75.ptx 886 : 1271 5693 0 0 0 58 58 0 0 
mst_topo.1.sm_75.ptx 345 : 2544 6653 0 0 0 0 0 0 1 
mst_topo.1.sm_75.ptx 602 : 2560 33280 0 0 0 0 0 0 0 
mst_topo.1.sm_75.ptx 885 : 1271 348843 32 0 0 1271 58 0 0 
mst_topo.1.sm_75.ptx 344 : 2544 15704 0 0 0 0 0 0 0 
mst_topo.1.sm_75.ptx 601 : 2560 32544 0 0 0 0 0 0 0 
mst_topo.1.sm_75.ptx 884 : 1271 326327 32 0 0 1271 58 0 0 
mst_topo.1.sm_75.ptx 343 : 2544 15360 0 0 0 0 0 0 0 
mst_topo.1.sm_75.ptx 600 : 2560 29600 0 0 0 0 0 0 0 
mst_topo.1.sm_75.ptx 883 : 1271 315092 0 0 0 182 58 0 0 
mst_topo.1.sm_75.ptx 342 : 2544 563312 0 0 0 318 80 0 0 
mst_topo.1.sm_75.ptx 599 : 2560 99712 0 0 0 0 0 0 0 
mst_topo.1.sm_75.ptx 882 : 1271 11439 0 0 0 0 0 0 0 
mst_topo.1.sm_75.ptx 341 : 2544 22896 0 0 0 0 0 0 0 
mst_topo.1.sm_75.ptx 598 : 2560 14848 0 0 0 0 0 0 0 
mst_topo.1.sm_75.ptx 881 : 1271 7626 0 0 0 0 0 0 0 
mst_topo.1.sm_75.ptx 340 : 2544 24208 0 0 0 0 0 0 0 
mst_topo.1.sm_75.ptx 880 : 1271 364072 32 0 0 1271 58 0 0 
mst_topo.1.sm_75.ptx 339 : 2544 16576 0 0 0 0 0 0 0 
mst_topo.1.sm_75.ptx 878 : 1271 460433 4768 0 0 182 58 0 0 
mst_topo.1.sm_75.ptx 337 : 2560 96 0 0 0 0 0 0 2 
mst_topo.1.sm_75.ptx 877 : 1271 11471 0 0 0 0 0 0 0 
mst_topo.1.sm_75.ptx 336 : 2560 15680 0 0 0 0 0 0 0 
mst_topo.1.sm_75.ptx 876 : 1271 8961 0 0 0 0 0 0 0 
mst_topo.1.sm_75.ptx 335 : 2560 23968 0 0 0 0 0 0 0 
mst_topo.1.sm_75.ptx 875 : 1271 11439 0 0 0 0 0 0 0 
mst_topo.1.sm_75.ptx 334 : 2560 15680 0 0 0 0 0 0 0 
mst_topo.1.sm_75.ptx 874 : 1271 11503 0 0 0 0 0 0 0 
mst_topo.1.sm_75.ptx 333 : 2560 15360 0 0 0 0 0 0 0 
mst_topo.1.sm_75.ptx 459 : 2560 33280 0 0 0 0 0 0 0 
mst_topo.1.sm_75.ptx 332 : 2560 15360 0 0 0 0 0 0 0 
mst_topo.1.sm_75.ptx 404 : 1429530 12098940 0 0 0 267392 46116 0 0 
mst_topo.1.sm_75.ptx 818 : 3365 5322 0 0 0 0 0 0 0 
mst_topo.1.sm_75.ptx 277 : 2560 25600 0 0 0 0 0 0 0 
mst_topo.1.sm_75.ptx 534 : 1428258 12903799 0 0 0 0 0 0 0 
mst_topo.1.sm_75.ptx 817 : 3365 20286 0 0 0 0 0 0 0 
mst_topo.1.sm_75.ptx 276 : 2560 12800 0 0 0 0 0 0 0 
mst_topo.1.sm_75.ptx 533 : 1428258 12884345 0 0 0 0 0 0 0 
mst_topo.1.sm_75.ptx 816 : 3365 1521516 0 0 0 3208 122 0 0 
mst_topo.1.sm_75.ptx 275 : 2560 19808 0 0 0 0 0 0 0 
mst_topo.1.sm_75.ptx 532 : 1428258 8611355 0 0 0 0 0 0 0 
mst_topo.1.sm_75.ptx 246 : 1272 24048 0 0 0 159 40 0 0 
mst_topo.1.sm_75.ptx 503 : 2544 1023416 0 0 0 318 80 0 0 
mst_topo.1.sm_75.ptx 815 : 3365 30487 0 0 0 0 0 0 0 
mst_topo.1.sm_75.ptx 274 : 2560 26464 0 0 0 0 0 0 0 
mst_topo.1.sm_75.ptx 372 : 2544 15712 0 0 0 0 0 0 0 
mst_topo.1.sm_75.ptx 245 : 1272 13176 0 0 0 0 0 0 0 
mst_topo.1.sm_75.ptx 502 : 2544 22960 0 0 0 0 0 0 0 
mst_topo.1.sm_75.ptx 814 : 3365 30681 0 0 0 0 0 0 0 
mst_topo.1.sm_75.ptx 273 : 2560 35200 0 0 0 0 0 0 0 
mst_topo.1.sm_75.ptx 912 : 16640 0 0 0 0 0 0 0 0 
mst_topo.1.sm_75.ptx 371 : 2544 15488 0 0 0 0 0 0 0 
mst_topo.1.sm_75.ptx 628 : 1273 5 0 0 0 0 0 0 0 
mst_topo.1.sm_75.ptx 785 : 15 90 0 0 0 0 0 0 0 
mst_topo.1.sm_75.ptx 244 : 1272 21256 0 0 0 0 0 0 0 
mst_topo.1.sm_75.ptx 501 : 2544 15264 0 0 0 0 0 0 0 
mst_topo.1.sm_75.ptx 813 : 3365 20388 0 0 0 0 0 0 0 
mst_topo.1.sm_75.ptx 272 : 2560 33280 0 0 0 0 0 0 0 
mst_topo.1.sm_75.ptx 529 : 1426986 262945348 0 0 0 180392 46036 0 0 
mst_topo.1.sm_75.ptx 458 : 2560 32576 0 0 0 0 0 0 0 
mst_topo.1.sm_75.ptx 331 : 2560 15360 0 0 0 0 0 0 0 
mst_topo.1.sm_75.ptx 243 : 1272 18224 0 0 0 159 40 0 0 
mst_topo.1.sm_75.ptx 500 : 2544 15264 0 0 0 0 0 0 0 
mst_topo.1.sm_75.ptx 429 : 2544 6424 0 0 0 0 0 0 0 
mst_topo.1.sm_75.ptx 843 : 6360 38160 0 0 0 0 0 0 0 
mst_topo.1.sm_75.ptx 302 : 2560 12800 0 0 0 0 0 0 0 
mst_topo.1.sm_75.ptx 812 : 3365 868218 0 0 0 131 122 0 0 
mst_topo.1.sm_75.ptx 271 : 2560 32416 0 0 0 0 0 0 0 
mst_topo.1.sm_75.ptx 457 : 2560 29600 0 0 0 0 0 0 0 
mst_topo.1.sm_75.ptx 871 : 1114 5570 0 0 0 0 0 0 0 
mst_topo.1.sm_75.ptx 330 : 2560 35200 0 0 0 0 0 0 0 
mst_topo.1.sm_75.ptx 910 : 16640 158080 0 0 0 0 0 0 0 
mst_topo.1.sm_75.ptx 369 : 2544 0 0 0 0 0 0 0 0 
mst_topo.1.sm_75.ptx 626 : 1273 7662 0 0 0 0 0 0 0 
mst_topo.1.sm_75.ptx 783 : 3585 18866 0 0 0 0 0 0 2 
mst_topo.1.sm_75.ptx 242 : 1272 11936 0 0 0 0 0 0 0 
mst_topo.1.sm_75.ptx 499 : 2544 947912 0 0 0 199 80 0 0 
mst_topo.1.sm_75.ptx 770 : 16640 158080 0 0 0 0 0 0 0 
mst_topo.1.sm_75.ptx 229 : 2048 41408 0 0 0 0 0 0 0 
mst_topo.1.sm_75.ptx 829 : 65 15255 64 0 0 65 65 0 0 
mst_topo.1.sm_75.ptx 288 : 2544 22896 0 0 0 0 0 0 0 
mst_topo.1.sm_75.ptx 545 : 1428258 343334437 3680 0 0 595799 46076 0 0 
mst_topo.1.sm_75.ptx 771 : 16640 137280 0 0 0 0 0 0 0 
mst_topo.1.sm_75.ptx 230 : 2048 26624 0 0 0 0 0 0 0 
mst_topo.1.sm_75.ptx 416 : 2544 15264 0 0 0 0 0 0 0 
mst_topo.1.sm_75.ptx 289 : 2544 14616 0 0 0 318 80 0 0 
mst_topo.1.sm_75.ptx 546 : 1428258 8637272 0 0 0 0 0 0 0 
mst_topo.1.sm_75.ptx 772 : 16640 51400 0 0 0 0 0 0 5 
mst_topo.1.sm_75.ptx 231 : 2048 27008 0 0 0 0 0 0 0 
mst_topo.1.sm_75.ptx 417 : 2544 22896 0 0 0 0 0 0 0 
mst_topo.1.sm_75.ptx 290 : 2544 15264 0 0 0 0 0 0 0 
mst_topo.1.sm_75.ptx 547 : 1428258 7183022 0 0 0 0 0 0 0 
mst_topo.1.sm_75.ptx 232 : 2048 19136 0 0 0 0 0 0 0 
mst_topo.1.sm_75.ptx 418 : 2544 11808 0 0 0 318 80 0 0 
mst_topo.1.sm_75.ptx 832 : 1353 60550 0 0 0 1353 1353 0 0 
mst_topo.1.sm_75.ptx 291 : 2544 22896 0 0 0 0 0 0 0 
mst_topo.1.sm_75.ptx 774 : 6360 1689656 1312 0 0 200 200 0 0 
mst_topo.1.sm_75.ptx 233 : 2048 11776 0 0 0 0 0 0 0 
mst_topo.1.sm_75.ptx 419 : 2544 15264 0 0 0 0 0 0 0 
mst_topo.1.sm_75.ptx 833 : 1353 35178 0 0 0 0 0 0 0 
mst_topo.1.sm_75.ptx 292 : 2544 14616 0 0 0 318 80 0 0 
mst_topo.1.sm_75.ptx 361 : 2544 15512 0 0 0 318 80 0 0 
mst_topo.1.sm_75.ptx 618 : 2544 675040 3328 0 0 318 80 0 0 
mst_topo.1.sm_75.ptx 775 : 6360 38160 0 0 0 0 0 0 0 
mst_topo.1.sm_75.ptx 234 : 2048 15104 0 0 0 0 0 0 0 
mst_topo.1.sm_75.ptx 420 : 2544 22928 0 0 0 0 0 0 0 
mst_topo.1.sm_75.ptx 834 : 1353 8118 0 0 0 0 0 0 0 
mst_topo.1.sm_75.ptx 293 : 2544 15264 0 0 0 0 0 0 0 
mst_topo.1.sm_75.ptx 903 : 1789 75810 0 0 0 1789 1789 0 0 
mst_topo.1.sm_75.ptx 362 : 2544 15456 0 0 0 0 0 0 0 
mst_topo.1.sm_75.ptx 619 : 2544 15352 0 0 0 0 0 0 0 
mst_topo.1.sm_75.ptx 776 : 6360 14006 0 0 0 0 0 0 21 
mst_topo.1.sm_75.ptx 235 : 2048 24768 0 0 0 0 0 0 0 
mst_topo.1.sm_75.ptx 421 : 2544 12800 0 0 0 318 80 0 0 
mst_topo.1.sm_75.ptx 835 : 1353 6440 0 0 0 0 0 0 0 
mst_topo.1.sm_75.ptx 294 : 2544 22896 0 0 0 0 0 0 0 
mst_topo.1.sm_75.ptx 904 : 1789 46514 0 0 0 0 0 0 0 
mst_topo.1.sm_75.ptx 363 : 2544 15328 0 0 0 0 0 0 0 
mst_topo.1.sm_75.ptx 620 : 2544 6419 0 0 0 0 0 0 1 
mst_topo.1.sm_75.ptx 236 : 2048 24480 0 0 0 0 0 0 0 
mst_topo.1.sm_75.ptx 422 : 2544 15296 0 0 0 0 0 0 0 
mst_topo.1.sm_75.ptx 295 : 2544 14616 0 0 0 318 80 0 0 
mst_topo.1.sm_75.ptx 405 : 1429530 8746955 0 0 0 0 0 0 0 
mst_topo.1.sm_75.ptx 278 : 2560 15360 0 0 0 0 0 0 0 
mst_topo.1.sm_75.ptx 535 : 1428258 565498523 5713056 0 0 1428258 46076 0 0 
mst_topo.1.sm_75.ptx 376 : 2856516 25764044 0 0 0 0 0 0 0 
mst_topo.1.sm_75.ptx 633 : 1272 7688 0 0 0 0 0 0 0 
mst_topo.1.sm_75.ptx 790 : 21 5163 0 0 0 8 5 0 0 
mst_topo.1.sm_75.ptx 249 : 2048 13984 0 0 0 0 0 0 0 
mst_topo.1.sm_75.ptx 905 : 1789 10734 0 0 0 0 0 0 0 
mst_topo.1.sm_75.ptx 364 : 2544 22960 0 0 0 0 0 0 0 
mst_topo.1.sm_75.ptx 778 : 3585 21510 0 0 0 0 0 0 0 
mst_topo.1.sm_75.ptx 237 : 2048 5080 0 0 0 0 0 0 1 
mst_topo.1.sm_75.ptx 423 : 2544 15296 0 0 0 0 0 0 0 
mst_topo.1.sm_75.ptx 296 : 2544 15264 0 0 0 0 0 0 0 
mst_topo.1.sm_75.ptx 268 : 2560 14784 0 0 0 0 0 0 0 
mst_topo.1.sm_75.ptx 525 : 1272 11136 0 0 0 0 0 0 0 
mst_topo.1.sm_75.ptx 868 : 2385 1710616 0 0 0 1207 92 0 0 
mst_topo.1.sm_75.ptx 327 : 2560 33280 0 0 0 0 0 0 0 
mst_topo.1.sm_75.ptx 366 : 2544 837176 0 0 0 318 80 0 0 
mst_topo.1.sm_75.ptx 623 : 1273 7734 0 0 0 0 0 0 0 
mst_topo.1.sm_75.ptx 780 : 3585 788266 0 0 0 458 121 0 0 
mst_topo.1.sm_75.ptx 239 : 1272 9832 0 0 0 0 0 0 0 
mst_topo.1.sm_75.ptx 496 : 2544 15264 0 0 0 0 0 0 0 
mst_topo.1.sm_75.ptx 425 : 2544 567592 5120 0 0 199 80 0 0 
mst_topo.1.sm_75.ptx 839 : 16640 99840 0 0 0 0 0 0 0 
mst_topo.1.sm_75.ptx 298 : 2544 17808 0 0 0 0 0 0 0 
mst_topo.1.sm_75.ptx 810 : 3365 20452 0 0 0 0 0 0 0 
mst_topo.1.sm_75.ptx 269 : 2560 69056 0 0 0 0 0 0 0 
mst_topo.1.sm_75.ptx 526 : 1272 12808 0 0 0 0 0 0 0 
mst_topo.1.sm_75.ptx 455 : 2560 14944 0 0 0 0 0 0 0 
mst_topo.1.sm_75.ptx 869 : 2385 14374 0 0 0 0 0 0 0 
mst_topo.1.sm_75.ptx 328 : 2560 33280 0 0 0 0 0 0 0 
mst_topo.1.sm_75.ptx 367 : 2544 15456 0 0 0 0 0 0 0 
mst_topo.1.sm_75.ptx 624 : 1273 11457 0 0 0 0 0 0 0 
mst_topo.1.sm_75.ptx 781 : 3585 21929 0 0 0 0 0 0 0 
mst_topo.1.sm_75.ptx 240 : 1272 13016 0 0 0 0 0 0 0 
mst_topo.1.sm_75.ptx 497 : 2544 15264 0 0 0 0 0 0 0 
mst_topo.1.sm_75.ptx 426 : 2544 15296 0 0 0 0 0 0 0 
mst_topo.1.sm_75.ptx 840 : 16640 61680 0 0 0 0 0 0 5 
mst_topo.1.sm_75.ptx 299 : 2544 17160 0 0 0 80 80 0 0 
mst_topo.1.sm_75.ptx 811 : 3365 30323 0 0 0 0 0 0 0 
mst_topo.1.sm_75.ptx 270 : 2560 29504 0 0 0 0 0 0 0 
mst_topo.1.sm_75.ptx 456 : 2560 99616 0 0 0 0 0 0 0 
mst_topo.1.sm_75.ptx 870 : 2385 6498 0 0 0 0 0 0 9 
mst_topo.1.sm_75.ptx 329 : 2560 33280 0 0 0 0 0 0 0 
mst_topo.1.sm_75.ptx 909 : 16640 83200 0 0 0 0 0 0 0 
mst_topo.1.sm_75.ptx 368 : 2544 15168 0 0 0 0 0 0 0 
mst_topo.1.sm_75.ptx 625 : 1273 469222 5120 0 0 160 41 0 0 
mst_topo.1.sm_75.ptx 782 : 3585 21969 0 0 0 0 0 0 0 
mst_topo.1.sm_75.ptx 241 : 1272 12968 0 0 0 0 0 0 0 
mst_topo.1.sm_75.ptx 498 : 2544 23056 0 0 0 0 0 0 0 
mst_topo.1.sm_75.ptx 406 : 1429530 8622628 0 0 0 0 0 0 0 
mst_topo.1.sm_75.ptx 279 : 2560 88 0 0 0 0 0 0 2 
mst_topo.1.sm_75.ptx 536 : 1428258 8582620 0 0 0 0 0 0 0 
mst_topo.1.sm_75.ptx 281 : 2544 15264 0 0 0 0 0 0 0 
mst_topo.1.sm_75.ptx 282 : 2544 16536 0 0 0 0 0 0 0 
mst_topo.1.sm_75.ptx 539 : 1428258 8592722 0 0 0 0 0 0 0 
mst_topo.1.sm_75.ptx 410 : 2856516 17277568 0 0 0 0 0 0 0 
mst_topo.1.sm_75.ptx 824 : 16640 64512 0 0 0 0 0 0 0 
mst_topo.1.sm_75.ptx 283 : 2544 24168 0 0 0 0 0 0 0 
mst_topo.1.sm_75.ptx 540 : 1428258 12862605 0 0 0 0 0 0 0 
mst_topo.1.sm_75.ptx 411 : 2856516 25735268 0 0 0 0 0 0 0 
mst_topo.1.sm_75.ptx 825 : 16640 83264 0 0 0 0 0 0 0 
mst_topo.1.sm_75.ptx 284 : 2544 22896 0 0 0 0 0 0 0 
mst_topo.1.sm_75.ptx 541 : 1428258 562080441 5749152 0 0 1428258 46076 0 0 
mst_topo.1.sm_75.ptx 412 : 2856516 17214608 0 0 0 0 0 0 0 
mst_topo.1.sm_75.ptx 826 : 16640 82875 0 0 0 0 0 0 65 
mst_topo.1.sm_75.ptx 285 : 2544 17808 0 0 0 0 0 0 0 
mst_topo.1.sm_75.ptx 542 : 1428258 8580908 0 0 0 0 0 0 0 
mst_topo.1.sm_75.ptx 413 : 2856516 14354894 0 0 0 0 0 0 1758 
mst_topo.1.sm_75.ptx 286 : 2544 14616 0 0 0 318 80 0 0 
mst_topo.1.sm_75.ptx 543 : 1428258 12872774 0 0 0 0 0 0 0 
mst_topo.1.sm_75.ptx 828 : 65 325 0 0 0 0 0 0 0 
mst_topo.1.sm_75.ptx 287 : 2544 15264 0 0 0 0 0 0 0 
mst_topo.1.sm_75.ptx 544 : 1428258 12860510 0 0 0 0 0 0 0 
mst_topo.1.sm_75.ptx 424 : 2544 22896 0 0 0 0 0 0 0 
mst_topo.1.sm_75.ptx 838 : 16640 83200 0 0 0 0 0 0 0 
mst_topo.1.sm_75.ptx 297 : 2544 22896 0 0 0 0 0 0 0 
mst_topo.1.sm_75.ptx 864 : 2385 23850 0 0 0 0 0 0 0 
mst_topo.1.sm_75.ptx 323 : 2560 14784 0 0 0 0 0 0 0 
mst_topo.1.sm_75.ptx 865 : 2385 14310 0 0 0 0 0 0 0 
mst_topo.1.sm_75.ptx 324 : 2560 89536 0 0 0 0 0 0 0 
mst_topo.1.sm_75.ptx 866 : 2385 21465 0 0 0 0 0 0 0 
mst_topo.1.sm_75.ptx 325 : 2560 29504 0 0 0 0 0 0 0 
mst_topo.1.sm_75.ptx 867 : 2385 21465 0 0 0 0 0 0 0 
mst_topo.1.sm_75.ptx 326 : 2560 32416 0 0 0 0 0 0 0 
mst_topo.1.sm_75.ptx 460 : 2560 33280 0 0 0 0 0 0 0 
mst_topo.1.sm_75.ptx 461 : 2560 33280 0 0 0 0 0 0 0 
mst_topo.1.sm_75.ptx 462 : 2560 33280 0 0 0 0 0 0 0 
mst_topo.1.sm_75.ptx 463 : 2560 35200 0 0 0 0 0 0 0 
mst_topo.1.sm_75.ptx 464 : 2560 15360 0 0 0 0 0 0 0 
mst_topo.1.sm_75.ptx 465 : 2560 15360 0 0 0 0 0 0 0 
mst_topo.1.sm_75.ptx 466 : 2560 15392 0 0 0 0 0 0 0 
mst_topo.1.sm_75.ptx 467 : 2560 15744 0 0 0 0 0 0 0 
mst_topo.1.sm_75.ptx 468 : 2560 23968 0 0 0 0 0 0 0 
mst_topo.1.sm_75.ptx 469 : 2560 15680 0 0 0 0 0 0 0 
mst_topo.1.sm_75.ptx 470 : 2560 88 0 0 0 0 0 0 2 
mst_topo.1.sm_75.ptx 472 : 2544 16544 0 0 0 0 0 0 0 
mst_topo.1.sm_75.ptx 473 : 2544 24144 0 0 0 0 0 0 0 
mst_topo.1.sm_75.ptx 474 : 2544 22896 0 0 0 0 0 0 0 
mst_topo.1.sm_75.ptx 475 : 2544 835024 8288 0 0 318 80 0 0 
mst_topo.1.sm_75.ptx 476 : 2544 15424 0 0 0 0 0 0 0 
mst_topo.1.sm_75.ptx 477 : 2544 15672 0 0 0 0 0 0 0 
mst_topo.1.sm_75.ptx 478 : 2544 15760 0 0 0 0 0 0 0 
mst_topo.1.sm_75.ptx 479 : 2544 6933 0 0 0 0 0 0 1 
mst_topo.1.sm_75.ptx 495 : 2544 10304 0 0 0 318 80 0 0 
mst_topo.1.sm_75.ptx 504 : 2544 15328 0 0 0 0 0 0 0 
mst_topo.1.sm_75.ptx 505 : 2544 0 0 0 0 0 0 0 0 
mst_topo.1.sm_75.ptx 507 : 2544 15424 0 0 0 0 0 0 0 
mst_topo.1.sm_75.ptx 508 : 2544 22928 0 0 0 0 0 0 0 
mst_topo.1.sm_75.ptx 509 : 2544 622576 0 0 0 318 80 0 0 
mst_topo.1.sm_75.ptx 510 : 2544 15296 0 0 0 0 0 0 0 
mst_topo.1.sm_75.ptx 511 : 2544 15360 0 0 0 0 0 0 0 
mst_topo.1.sm_75.ptx 512 : 2544 15264 0 0 0 0 0 0 0 
mst_topo.1.sm_75.ptx 513 : 2544 6360 0 0 0 0 0 0 0 
mst_topo.1.sm_75.ptx 515 : 1272 7664 0 0 0 0 0 0 0 
mst_topo.1.sm_75.ptx 516 : 1272 11448 0 0 0 0 0 0 0 
mst_topo.1.sm_75.ptx 517 : 1272 495208 5120 0 0 199 40 0 0 
mst_topo.1.sm_75.ptx 518 : 1272 489904 0 0 0 159 40 0 0 
mst_topo.1.sm_75.ptx 519 : 1272 7728 0 0 0 0 0 0 0 
mst_topo.1.sm_75.ptx 520 : 1272 0 0 0 0 0 0 0 0 
mst_topo.1.sm_75.ptx 522 : 1272 8016 0 0 0 0 0 0 0 
mst_topo.1.sm_75.ptx 523 : 1272 11544 0 0 0 0 0 0 0 
mst_topo.1.sm_75.ptx 524 : 1272 9288 0 0 0 0 0 0 0 
mst_topo.1.sm_75.ptx 537 : 1428258 0 0 0 0 0 0 0 0 
mst_topo.1.sm_75.ptx 561 : 1428258 9900869 0 0 0 267351 46076 0 0 
mst_topo.1.sm_75.ptx 562 : 1428258 278700410 0 0 0 180551 46076 0 0 
mst_topo.1.sm_75.ptx 563 : 1428258 8629951 0 0 0 0 0 0 0 
mst_topo.1.sm_75.ptx 564 : 1428258 7196578 0 0 0 0 0 0 0 
mst_topo.1.sm_75.ptx 566 : 1272 518864 5088 0 0 159 40 0 0 
mst_topo.1.sm_75.ptx 569 : 1428258 8585890 0 0 0 0 0 0 0 
mst_topo.1.sm_75.ptx 570 : 1428258 12867464 0 0 0 0 0 0 0 
mst_topo.1.sm_75.ptx 571 : 1428258 8584727 0 0 0 0 0 0 0 
mst_topo.1.sm_75.ptx 572 : 1428258 6412 0 0 0 0 0 0 879 
mst_topo.1.sm_75.ptx 573 : 1426986 7242519 0 0 0 0 0 0 0 
mst_topo.1.sm_75.ptx 576 : 2560 12832 0 0 0 0 0 0 0 
mst_topo.1.sm_75.ptx 603 : 2560 33280 0 0 0 0 0 0 0 
mst_topo.1.sm_75.ptx 604 : 2560 33280 0 0 0 0 0 0 0 
mst_topo.1.sm_75.ptx 605 : 2560 33280 0 0 0 0 0 0 0 
mst_topo.1.sm_75.ptx 606 : 2560 35200 0 0 0 0 0 0 0 
mst_topo.1.sm_75.ptx 607 : 2560 15360 0 0 0 0 0 0 0 
mst_topo.1.sm_75.ptx 608 : 2560 15360 0 0 0 0 0 0 0 
mst_topo.1.sm_75.ptx 609 : 2560 15360 0 0 0 0 0 0 0 
mst_topo.1.sm_75.ptx 610 : 2560 15680 0 0 0 0 0 0 0 
mst_topo.1.sm_75.ptx 611 : 2560 23904 0 0 0 0 0 0 0 
mst_topo.1.sm_75.ptx 612 : 2560 15680 0 0 0 0 0 0 0 
mst_topo.1.sm_75.ptx 613 : 2560 88 0 0 0 0 0 0 2 
mst_topo.1.sm_75.ptx 615 : 2544 16640 0 0 0 0 0 0 0 
mst_topo.1.sm_75.ptx 616 : 2544 24272 0 0 0 0 0 0 0 
mst_topo.1.sm_75.ptx 617 : 2544 22896 0 0 0 0 0 0 0 
mst_topo.1.sm_75.ptx 627 : 1273 7750 0 0 0 0 0 0 0 
mst_topo.1.sm_75.ptx 630 : 1272 7696 0 0 0 0 0 0 0 
mst_topo.1.sm_75.ptx 631 : 1272 11512 0 0 0 0 0 0 0 
mst_topo.1.sm_75.ptx 638 : 1272 11472 0 0 0 0 0 0 0 
mst_topo.1.sm_75.ptx 648 : 1272 7856 0 0 0 0 0 0 0 
mst_topo.1.sm_75.ptx 649 : 1272 11608 0 0 0 0 0 0 0 
mst_topo.1.sm_75.ptx 650 : 1272 9288 0 0 0 0 0 0 0 
mst_topo.1.sm_75.ptx 651 : 1272 10432 0 0 0 0 0 0 0 
mst_topo.1.sm_75.ptx 652 : 1272 13384 0 0 0 0 0 0 0 
mst_topo.1.sm_75.ptx 655 : 1272 9112 0 0 0 0 0 0 0 
mst_topo.1.sm_75.ptx 656 : 1272 12536 0 0 0 0 0 0 0 
mst_topo.1.sm_75.ptx 657 : 1272 11544 0 0 0 0 0 0 0 
mst_topo.1.sm_75.ptx 658 : 1272 615104 4640 0 0 1272 40 0 0 
mst_topo.1.sm_75.ptx 659 : 1272 7664 0 0 0 0 0 0 0 
