kernel line : count latency dram_traffic smem_bk_conflicts smem_warp gmem_access_generated gmem_warp exposed_latency warp_divergence
pr_base.1.sm_75.ptx 167 : 1020271 9210520 0 0 0 0 0 0 0 
pr_base.1.sm_75.ptx 166 : 1020271 9216035 0 0 0 0 0 0 0 
pr_base.1.sm_75.ptx 164 : 1020271 129083271 2602272 0 0 1003118 463611 0 0 
pr_base.1.sm_75.ptx 162 : 1020271 9220103 0 0 0 0 0 0 0 
pr_base.1.sm_75.ptx 161 : 1020271 9191576 0 0 0 0 0 0 0 
pr_base.1.sm_75.ptx 159 : 1020271 363602755 15734784 0 0 1020119 463611 0 0 
pr_base.1.sm_75.ptx 157 : 1020271 9251657 0 0 0 0 0 0 0 
pr_base.1.sm_75.ptx 156 : 1020271 9212680 0 0 0 0 0 0 0 
pr_base.1.sm_75.ptx 194 : 916480 4651072 0 0 0 0 0 0 0 
pr_base.1.sm_75.ptx 191 : 916428 3808752 0 0 0 114554 28639 0 0 
pr_base.1.sm_75.ptx 154 : 1020271 130017257 2613920 0 0 1003126 463611 0 0 
pr_base.1.sm_75.ptx 152 : 1020271 9218793 0 0 0 0 0 0 0 
pr_base.1.sm_75.ptx 151 : 1020271 9190991 0 0 0 0 0 0 0 
pr_base.1.sm_75.ptx 149 : 1020271 363167429 15700416 0 0 1020109 463611 0 0 
pr_base.1.sm_75.ptx 147 : 1020271 9210975 0 0 0 0 0 0 0 
pr_base.1.sm_75.ptx 146 : 1020271 9218088 0 0 0 0 0 0 0 
pr_base.1.sm_75.ptx 144 : 1020271 172036923 3623360 0 0 1003094 463611 0 0 
pr_base.1.sm_75.ptx 140 : 254245 2311096 0 0 0 0 0 0 0 
pr_base.1.sm_75.ptx 139 : 254245 2311536 0 0 0 0 0 0 0 
pr_base.1.sm_75.ptx 137 : 714545 2380281 0 0 0 0 0 0 28608 
pr_base.1.sm_75.ptx 136 : 714545 4337365 0 0 0 0 0 0 0 
pr_base.1.sm_75.ptx 135 : 714545 6487189 0 0 0 0 0 0 0 
pr_base.1.sm_75.ptx 134 : 714545 4396626 0 0 0 0 0 0 0 
pr_base.1.sm_75.ptx 131 : 1023955 2145156 0 0 0 0 0 0 56477 
pr_base.1.sm_75.ptx 130 : 1023955 6292762 0 0 0 0 0 0 0 
pr_base.1.sm_75.ptx 66 : 916480 5022752 0 0 0 0 0 0 0 
pr_base.1.sm_75.ptx 190 : 916428 8278700 0 0 0 0 0 0 0 
pr_base.1.sm_75.ptx 63 : 916428 4135376 0 0 0 114554 28639 0 0 
pr_base.1.sm_75.ptx 122 : 1023955 9516735 0 0 0 0 0 0 0 
pr_base.1.sm_75.ptx 189 : 916428 8348204 0 0 0 0 0 0 0 
pr_base.1.sm_75.ptx 62 : 916428 8498476 0 0 0 0 0 0 0 
pr_base.1.sm_75.ptx 121 : 1023955 10765398 0 0 0 0 0 0 0 
pr_base.1.sm_75.ptx 188 : 916428 5594792 0 0 0 0 0 0 0 
pr_base.1.sm_75.ptx 61 : 916428 5744392 0 0 0 0 0 0 0 
pr_base.1.sm_75.ptx 89 : 916480 9445472 0 0 0 0 0 0 0 
pr_base.1.sm_75.ptx 60 : 916428 40435280 0 0 0 0 0 0 0 
pr_base.1.sm_75.ptx 119 : 1023955 345492189 9360608 0 0 601868 85166 0 0 
pr_base.1.sm_75.ptx 88 : 916480 12525056 0 0 0 0 0 0 0 
pr_base.1.sm_75.ptx 59 : 916428 475602056 3665728 0 0 114554 28639 0 0 
pr_base.1.sm_75.ptx 87 : 916480 11787840 0 0 0 0 0 0 0 
pr_base.1.sm_75.ptx 185 : 1020271 3917010 0 0 0 0 0 0 96713 
pr_base.1.sm_75.ptx 58 : 916428 5727304 0 0 0 0 0 0 0 
pr_base.1.sm_75.ptx 86 : 916480 11145184 0 0 0 0 0 0 0 
pr_base.1.sm_75.ptx 184 : 1020271 6159089 0 0 0 0 0 0 0 
pr_base.1.sm_75.ptx 57 : 916428 477191340 3665728 0 0 114554 28639 0 0 
pr_base.1.sm_75.ptx 85 : 916480 20279520 0 0 0 0 0 0 0 
pr_base.1.sm_75.ptx 183 : 1020271 10238967 0 0 0 0 0 0 0 
pr_base.1.sm_75.ptx 56 : 916428 8962604 0 0 0 0 0 0 0 
pr_base.1.sm_75.ptx 84 : 916480 6148000 0 0 0 0 0 0 0 
pr_base.1.sm_75.ptx 182 : 1020271 9218601 0 0 0 0 0 0 0 
pr_base.1.sm_75.ptx 55 : 916428 7138164 0 0 0 0 0 0 0 
pr_base.1.sm_75.ptx 114 : 634369 4547001 0 0 0 0 0 0 0 
pr_base.1.sm_75.ptx 41 : 916480 6885600 0 0 0 0 0 0 0 
pr_base.1.sm_75.ptx 100 : 916428 454137824 2536960 0 0 257746 28639 0 0 
pr_base.1.sm_75.ptx 181 : 1020271 9191032 0 0 0 0 0 0 0 
pr_base.1.sm_75.ptx 54 : 916428 8852588 0 0 0 0 0 0 0 
pr_base.1.sm_75.ptx 113 : 634369 5809645 0 0 0 0 0 0 0 
pr_base.1.sm_75.ptx 169 : 1020271 363057905 15748800 0 0 1020126 463611 0 0 
pr_base.1.sm_75.ptx 42 : 916480 17430784 0 0 0 0 0 0 0 
pr_base.1.sm_75.ptx 101 : 916428 5575144 0 0 0 0 0 0 0 
pr_base.1.sm_75.ptx 43 : 916480 11187744 0 0 0 0 0 0 0 
pr_base.1.sm_75.ptx 102 : 916428 5611304 0 0 0 0 0 0 0 
pr_base.1.sm_75.ptx 171 : 1020271 9191289 0 0 0 0 0 0 0 
pr_base.1.sm_75.ptx 44 : 916480 12137440 0 0 0 0 0 0 0 
pr_base.1.sm_75.ptx 103 : 916428 1058650 0 0 0 0 0 0 28559 
pr_base.1.sm_75.ptx 172 : 1020271 9219472 0 0 0 0 0 0 0 
pr_base.1.sm_75.ptx 45 : 916480 9326240 0 0 0 0 0 0 0 
pr_base.1.sm_75.ptx 46 : 916480 6213664 0 0 0 0 0 0 0 
pr_base.1.sm_75.ptx 105 : 714545 6524081 0 0 0 0 0 0 0 
pr_base.1.sm_75.ptx 174 : 1020271 125933174 2427328 0 0 1002987 463611 0 0 
pr_base.1.sm_75.ptx 47 : 916480 5323232 0 0 0 0 0 0 0 
pr_base.1.sm_75.ptx 106 : 714545 4352902 0 0 0 0 0 0 0 
pr_base.1.sm_75.ptx 48 : 916480 9629536 0 0 0 0 0 0 0 
pr_base.1.sm_75.ptx 107 : 714545 4385972 0 0 0 0 0 0 0 
pr_base.1.sm_75.ptx 176 : 1020271 9213804 0 0 0 0 0 0 0 
pr_base.1.sm_75.ptx 49 : 916480 6262592 0 0 0 0 0 0 0 
pr_base.1.sm_75.ptx 108 : 714545 4431534 0 0 0 0 0 0 0 
pr_base.1.sm_75.ptx 177 : 1020271 9249168 0 0 0 0 0 0 0 
pr_base.1.sm_75.ptx 50 : 916480 312 0 0 0 0 0 0 1 
pr_base.1.sm_75.ptx 109 : 714545 4450000 0 0 0 0 0 0 0 
pr_base.1.sm_75.ptx 179 : 1020271 361984176 15795936 0 0 1020121 463611 0 0 
pr_base.1.sm_75.ptx 52 : 916428 6462004 0 0 0 0 0 0 0 
pr_base.1.sm_75.ptx 53 : 916428 9034360 0 0 0 0 0 0 0 
pr_base.1.sm_75.ptx 112 : 634369 5823517 0 0 0 0 0 0 0 
pr_base.1.sm_75.ptx 90 : 916480 6151456 0 0 0 0 0 0 0 
pr_base.1.sm_75.ptx 91 : 916480 5096640 0 0 0 0 0 0 0 
pr_base.1.sm_75.ptx 92 : 916480 9099168 0 0 0 0 0 0 0 
pr_base.1.sm_75.ptx 93 : 916480 5699392 0 0 0 0 0 0 0 
pr_base.1.sm_75.ptx 94 : 916480 292 0 0 0 0 0 0 1 
pr_base.1.sm_75.ptx 96 : 916428 6154376 0 0 0 0 0 0 0 
pr_base.1.sm_75.ptx 97 : 916428 8921868 0 0 0 0 0 0 0 
pr_base.1.sm_75.ptx 98 : 916428 8603820 0 0 0 0 0 0 0 
pr_base.1.sm_75.ptx 99 : 916428 452834164 4794528 0 0 229107 28639 0 0 
pr_base.1.sm_75.ptx 110 : 714545 428299 0 0 0 0 0 0 26601 
pr_base.1.sm_75.ptx 124 : 1023955 512833730 15939904 0 0 1023580 85166 0 0 
pr_base.1.sm_75.ptx 126 : 1023955 10081806 0 0 0 0 0 0 0 
pr_base.1.sm_75.ptx 127 : 1023955 10303915 0 0 0 0 0 0 0 
pr_base.1.sm_75.ptx 128 : 1023955 10494476 0 0 0 0 0 0 0 
pr_base.1.sm_75.ptx 129 : 1023955 11310747 0 0 0 0 0 0 0 
