kernel line : count latency dram_traffic smem_bk_conflicts smem_warp gmem_access_generated gmem_warp exposed_latency warp_divergence
cc_base.1.sm_75.ptx 241 : 87 0 0 0 0 0 0 0 0 
cc_base.1.sm_75.ptx 240 : 87 522 0 0 0 0 0 0 0 
cc_base.1.sm_75.ptx 239 : 87 522 0 0 0 0 0 0 0 
cc_base.1.sm_75.ptx 238 : 87 3146 0 0 0 23 23 0 0 
cc_base.1.sm_75.ptx 244 : 2560 13088 0 0 0 0 0 0 0 
cc_base.1.sm_75.ptx 237 : 87 820 0 0 0 0 0 0 0 
cc_base.1.sm_75.ptx 236 : 87 792 0 0 0 0 0 0 0 
cc_base.1.sm_75.ptx 235 : 87 348 0 0 0 41 23 0 0 
cc_base.1.sm_75.ptx 232 : 2544 12403 0 0 0 0 0 0 23 
cc_base.1.sm_75.ptx 231 : 2544 15264 0 0 0 0 0 0 0 
cc_base.1.sm_75.ptx 230 : 2544 428656 0 0 0 80 80 0 0 
cc_base.1.sm_75.ptx 229 : 2544 23776 0 0 0 0 0 0 0 
cc_base.1.sm_75.ptx 228 : 2544 23216 0 0 0 0 0 0 0 
cc_base.1.sm_75.ptx 227 : 2544 845312 5632 0 0 318 80 0 0 
cc_base.1.sm_75.ptx 226 : 2544 22896 0 0 0 0 0 0 0 
cc_base.1.sm_75.ptx 225 : 2544 24176 0 0 0 0 0 0 0 
cc_base.1.sm_75.ptx 223 : 2560 80 0 0 0 0 0 0 2 
cc_base.1.sm_75.ptx 222 : 2560 16640 0 0 0 0 0 0 0 
cc_base.1.sm_75.ptx 221 : 2560 24960 0 0 0 0 0 0 0 
cc_base.1.sm_75.ptx 220 : 2560 15360 0 0 0 0 0 0 0 
cc_base.1.sm_75.ptx 219 : 2560 15360 0 0 0 0 0 0 0 
cc_base.1.sm_75.ptx 218 : 2560 15360 0 0 0 0 0 0 0 
cc_base.1.sm_75.ptx 102 : 2544 23048 0 0 0 0 0 0 0 
cc_base.1.sm_75.ptx 87 : 984 5775 0 0 0 159 41 0 0 
cc_base.1.sm_75.ptx 86 : 984 5665 0 0 0 41 41 0 0 
cc_base.1.sm_75.ptx 84 : 1937 4936 0 0 0 0 0 0 1 
cc_base.1.sm_75.ptx 83 : 1937 11688 0 0 0 0 0 0 0 
cc_base.1.sm_75.ptx 82 : 1937 70375 0 0 0 460 120 0 0 
cc_base.1.sm_75.ptx 81 : 1937 17766 0 0 0 0 0 0 0 
cc_base.1.sm_75.ptx 80 : 1937 19919 0 0 0 0 0 0 0 
cc_base.1.sm_75.ptx 79 : 1937 17946 0 0 0 0 0 0 0 
cc_base.1.sm_75.ptx 78 : 1937 20576 0 0 0 0 0 0 0 
cc_base.1.sm_75.ptx 77 : 1937 17941 0 0 0 0 0 0 0 
cc_base.1.sm_75.ptx 75 : 3876 12176 0 0 0 0 0 0 1 
cc_base.1.sm_75.ptx 74 : 3876 23968 0 0 0 0 0 0 0 
cc_base.1.sm_75.ptx 201 : 2560 13056 0 0 0 0 0 0 0 
cc_base.1.sm_75.ptx 72 : 3876 310235 0 0 0 248 240 0 0 
cc_base.1.sm_75.ptx 70 : 3876 35029 0 0 0 0 0 0 0 
cc_base.1.sm_75.ptx 197 : 713160 6442863 0 0 0 0 0 0 0 
cc_base.1.sm_75.ptx 69 : 3876 34951 0 0 0 0 0 0 0 
cc_base.1.sm_75.ptx 196 : 713160 4300470 0 0 0 0 0 0 0 
cc_base.1.sm_75.ptx 68 : 3876 1405587 22016 0 0 3876 240 0 0 
cc_base.1.sm_75.ptx 195 : 713160 6429127 0 0 0 0 0 0 0 
cc_base.1.sm_75.ptx 64 : 1944 15165 0 0 0 0 0 0 0 
cc_base.1.sm_75.ptx 63 : 1944 13928 0 0 0 0 0 0 0 
cc_base.1.sm_75.ptx 62 : 1944 17757 0 0 0 0 0 0 0 
cc_base.1.sm_75.ptx 189 : 356274 1812959 0 0 0 0 0 0 0 
cc_base.1.sm_75.ptx 61 : 1944 18364 0 0 0 0 0 0 0 
cc_base.1.sm_75.ptx 188 : 356274 2147617 0 0 0 0 0 0 0 
cc_base.1.sm_75.ptx 100 : 2544 0 0 0 0 0 0 0 0 
cc_base.1.sm_75.ptx 41 : 2560 15680 0 0 0 0 0 0 0 
cc_base.1.sm_75.ptx 99 : 2544 15392 0 0 0 0 0 0 0 
cc_base.1.sm_75.ptx 40 : 2560 24000 0 0 0 0 0 0 0 
cc_base.1.sm_75.ptx 167 : 356267 1813338 0 0 0 0 0 0 0 
cc_base.1.sm_75.ptx 98 : 2544 23216 0 0 0 0 0 0 0 
cc_base.1.sm_75.ptx 39 : 2560 15040 0 0 0 0 0 0 0 
cc_base.1.sm_75.ptx 166 : 356267 2149195 0 0 0 0 0 0 0 
cc_base.1.sm_75.ptx 97 : 2544 15456 0 0 0 0 0 0 0 
cc_base.1.sm_75.ptx 38 : 2560 15360 0 0 0 0 0 0 0 
cc_base.1.sm_75.ptx 165 : 356267 13417113 0 0 0 45083 11506 0 0 
cc_base.1.sm_75.ptx 37 : 2560 15360 0 0 0 0 0 0 0 
cc_base.1.sm_75.ptx 164 : 356267 3215739 0 0 0 0 0 0 0 
cc_base.1.sm_75.ptx 36 : 2560 15360 0 0 0 0 0 0 0 
cc_base.1.sm_75.ptx 163 : 356267 3568519 0 0 0 0 0 0 0 
cc_base.1.sm_75.ptx 94 : 3876 10232 0 0 0 0 0 0 160 
cc_base.1.sm_75.ptx 35 : 2560 15360 0 0 0 0 0 0 0 
cc_base.1.sm_75.ptx 162 : 356267 3209086 0 0 0 0 0 0 0 
cc_base.1.sm_75.ptx 93 : 3876 23789 0 0 0 0 0 0 0 
cc_base.1.sm_75.ptx 34 : 2560 15360 0 0 0 0 0 0 0 
cc_base.1.sm_75.ptx 161 : 356267 3579901 0 0 0 0 0 0 0 
cc_base.1.sm_75.ptx 92 : 3876 43600 0 0 0 0 0 0 0 
cc_base.1.sm_75.ptx 33 : 2560 35200 0 0 0 0 0 0 0 
cc_base.1.sm_75.ptx 160 : 356267 3233799 0 0 0 0 0 0 0 
cc_base.1.sm_75.ptx 91 : 3876 40059 0 0 0 0 0 0 0 
cc_base.1.sm_75.ptx 32 : 2560 32320 0 0 0 0 0 0 0 
cc_base.1.sm_75.ptx 90 : 3876 35888 0 0 0 0 0 0 0 
cc_base.1.sm_75.ptx 217 : 2560 15360 0 0 0 0 0 0 0 
cc_base.1.sm_75.ptx 31 : 2560 29440 0 0 0 0 0 0 0 
cc_base.1.sm_75.ptx 158 : 713160 1793972 0 0 0 0 0 0 286 
cc_base.1.sm_75.ptx 30 : 2560 58880 0 0 0 0 0 0 0 
cc_base.1.sm_75.ptx 157 : 713160 4292978 0 0 0 0 0 0 0 
cc_base.1.sm_75.ptx 59 : 2544 3276 0 0 0 0 0 0 80 
cc_base.1.sm_75.ptx 186 : 356274 3209506 0 0 0 0 0 0 0 
cc_base.1.sm_75.ptx 29 : 2560 14720 0 0 0 0 0 0 0 
cc_base.1.sm_75.ptx 58 : 2544 15584 0 0 0 0 0 0 0 
cc_base.1.sm_75.ptx 185 : 356274 3569851 0 0 0 0 0 0 0 
cc_base.1.sm_75.ptx 42 : 2560 80 0 0 0 0 0 0 2 
cc_base.1.sm_75.ptx 44 : 2544 15904 0 0 0 0 0 0 0 
cc_base.1.sm_75.ptx 45 : 2544 23856 0 0 0 0 0 0 0 
cc_base.1.sm_75.ptx 46 : 2544 22896 0 0 0 0 0 0 0 
cc_base.1.sm_75.ptx 173 : 713160 263336152 2543680 0 0 713160 23012 0 0 
cc_base.1.sm_75.ptx 47 : 2544 659808 0 0 0 318 80 0 0 
cc_base.1.sm_75.ptx 174 : 713160 6431086 0 0 0 0 0 0 0 
cc_base.1.sm_75.ptx 48 : 2544 22896 0 0 0 0 0 0 0 
cc_base.1.sm_75.ptx 175 : 713160 6428566 0 0 0 0 0 0 0 
cc_base.1.sm_75.ptx 49 : 2544 22896 0 0 0 0 0 0 0 
cc_base.1.sm_75.ptx 50 : 2544 1255136 17152 0 0 636 80 0 0 
cc_base.1.sm_75.ptx 177 : 713160 30266390 608 0 0 136534 23012 0 0 
cc_base.1.sm_75.ptx 51 : 2544 1254496 3264 0 0 716 80 0 0 
cc_base.1.sm_75.ptx 52 : 2544 15648 0 0 0 0 0 0 0 
cc_base.1.sm_75.ptx 179 : 713160 4299499 0 0 0 0 0 0 0 
cc_base.1.sm_75.ptx 53 : 2544 0 0 0 0 0 0 0 0 
cc_base.1.sm_75.ptx 180 : 713160 1794022 0 0 0 0 0 0 286 
cc_base.1.sm_75.ptx 55 : 2544 23088 0 0 0 0 0 0 0 
cc_base.1.sm_75.ptx 182 : 356274 3227935 0 0 0 0 0 0 0 
cc_base.1.sm_75.ptx 56 : 2544 15264 0 0 0 0 0 0 0 
cc_base.1.sm_75.ptx 183 : 356274 3587892 0 0 0 0 0 0 0 
cc_base.1.sm_75.ptx 57 : 2544 15712 0 0 0 0 0 0 0 
cc_base.1.sm_75.ptx 184 : 356274 3210968 0 0 0 0 0 0 0 
cc_base.1.sm_75.ptx 103 : 2544 23056 0 0 0 0 0 0 0 
cc_base.1.sm_75.ptx 104 : 2544 17712 0 0 0 0 0 0 0 
cc_base.1.sm_75.ptx 107 : 713160 254927361 2594528 0 0 713160 23012 0 0 
cc_base.1.sm_75.ptx 108 : 713160 6429049 0 0 0 0 0 0 0 
cc_base.1.sm_75.ptx 109 : 713160 6432756 0 0 0 0 0 0 0 
cc_base.1.sm_75.ptx 111 : 713160 30101827 896 0 0 135674 23012 0 0 
cc_base.1.sm_75.ptx 113 : 713160 4292896 0 0 0 0 0 0 0 
cc_base.1.sm_75.ptx 114 : 713160 1793872 0 0 0 0 0 0 286 
cc_base.1.sm_75.ptx 116 : 356275 3232743 0 0 0 0 0 0 0 
cc_base.1.sm_75.ptx 117 : 356275 3579527 0 0 0 0 0 0 0 
cc_base.1.sm_75.ptx 118 : 356275 3209418 0 0 0 0 0 0 0 
cc_base.1.sm_75.ptx 119 : 356275 3568804 0 0 0 0 0 0 0 
cc_base.1.sm_75.ptx 120 : 356275 3216196 0 0 0 0 0 0 0 
cc_base.1.sm_75.ptx 121 : 356275 13351706 0 0 0 45083 11506 0 0 
cc_base.1.sm_75.ptx 122 : 356275 2150818 0 0 0 0 0 0 0 
cc_base.1.sm_75.ptx 123 : 356275 1814168 0 0 0 0 0 0 40 
cc_base.1.sm_75.ptx 125 : 305 2565 0 0 0 40 40 0 0 
cc_base.1.sm_75.ptx 126 : 305 4189 0 0 0 131 40 0 0 
cc_base.1.sm_75.ptx 129 : 713160 263201826 2404512 0 0 713160 23012 0 0 
cc_base.1.sm_75.ptx 130 : 713160 6430102 0 0 0 0 0 0 0 
cc_base.1.sm_75.ptx 131 : 713160 6427373 0 0 0 0 0 0 0 
cc_base.1.sm_75.ptx 133 : 713160 30147815 960 0 0 136592 23012 0 0 
cc_base.1.sm_75.ptx 135 : 713160 4300763 0 0 0 0 0 0 0 
cc_base.1.sm_75.ptx 136 : 713160 1794814 0 0 0 0 0 0 286 
cc_base.1.sm_75.ptx 138 : 356273 3229697 0 0 0 0 0 0 0 
cc_base.1.sm_75.ptx 139 : 356273 3589021 0 0 0 0 0 0 0 
cc_base.1.sm_75.ptx 140 : 356273 3209502 0 0 0 0 0 0 0 
cc_base.1.sm_75.ptx 141 : 356273 3568395 0 0 0 0 0 0 0 
cc_base.1.sm_75.ptx 142 : 356273 3208942 0 0 0 0 0 0 0 
cc_base.1.sm_75.ptx 143 : 356273 13356470 0 0 0 45083 11506 0 0 
cc_base.1.sm_75.ptx 144 : 356273 2149864 0 0 0 0 0 0 0 
cc_base.1.sm_75.ptx 145 : 356273 1814345 0 0 0 0 0 0 0 
cc_base.1.sm_75.ptx 151 : 713160 262744803 2647488 0 0 713160 23012 0 0 
cc_base.1.sm_75.ptx 152 : 713160 6432032 0 0 0 0 0 0 0 
cc_base.1.sm_75.ptx 153 : 713160 6438462 0 0 0 0 0 0 0 
cc_base.1.sm_75.ptx 155 : 713160 29958792 288 0 0 136596 23012 0 0 
cc_base.1.sm_75.ptx 187 : 356274 13441612 0 0 0 45083 11506 0 0 
cc_base.1.sm_75.ptx 198 : 713160 3616686 0 0 0 0 0 0 946 
cc_base.1.sm_75.ptx 215 : 2560 14720 0 0 0 0 0 0 0 
cc_base.1.sm_75.ptx 216 : 2560 30080 0 0 0 0 0 0 0 
