kernel line : count latency dram_traffic smem_bk_conflicts smem_warp gmem_access_generated gmem_warp exposed_latency warp_divergence
bc_topo_base.1.sm_75.ptx 504 : 321810 3224642 0 0 0 0 0 0 0 
bc_topo_base.1.sm_75.ptx 503 : 321810 2908504 0 0 0 0 0 0 0 
bc_topo_base.1.sm_75.ptx 502 : 321810 139742585 5664832 0 0 321648 274146 0 0 
bc_topo_base.1.sm_75.ptx 501 : 321810 2920027 0 0 0 0 0 0 0 
bc_topo_base.1.sm_75.ptx 500 : 321810 14164019 0 0 0 0 0 0 0 
bc_topo_base.1.sm_75.ptx 499 : 321810 1969136 0 0 0 0 0 0 0 
bc_topo_base.1.sm_75.ptx 498 : 321810 134938951 5367232 0 0 321648 274146 0 0 
bc_topo_base.1.sm_75.ptx 497 : 321810 2918982 0 0 0 0 0 0 0 
bc_topo_base.1.sm_75.ptx 496 : 321810 1972135 0 0 0 0 0 0 0 
bc_topo_base.1.sm_75.ptx 495 : 321810 106805947 3483648 0 0 321610 274146 0 0 
bc_topo_base.1.sm_75.ptx 450 : 122741 1231483 0 0 0 0 0 0 0 
bc_topo_base.1.sm_75.ptx 449 : 122741 1109956 0 0 0 0 0 0 0 
bc_topo_base.1.sm_75.ptx 448 : 122741 72256312 3235744 0 0 122578 95794 0 0 
bc_topo_base.1.sm_75.ptx 447 : 122741 1113680 0 0 0 0 0 0 0 
bc_topo_base.1.sm_75.ptx 446 : 122741 5402728 0 0 0 0 0 0 0 
bc_topo_base.1.sm_75.ptx 445 : 122741 758354 0 0 0 0 0 0 0 
bc_topo_base.1.sm_75.ptx 444 : 122741 68629513 2996128 0 0 122578 95794 0 0 
bc_topo_base.1.sm_75.ptx 443 : 122741 1121225 0 0 0 0 0 0 0 
bc_topo_base.1.sm_75.ptx 442 : 122741 757007 0 0 0 0 0 0 0 
bc_topo_base.1.sm_75.ptx 441 : 122741 71812562 3227648 0 0 122625 95794 0 0 
bc_topo_base.1.sm_75.ptx 542 : 708929 7104987 0 0 0 0 0 0 0 
bc_topo_base.1.sm_75.ptx 541 : 708929 6407141 0 0 0 0 0 0 0 
bc_topo_base.1.sm_75.ptx 540 : 708929 387248192 13795520 0 0 708515 454840 0 0 
bc_topo_base.1.sm_75.ptx 539 : 708929 6434631 0 0 0 0 0 0 0 
bc_topo_base.1.sm_75.ptx 538 : 708929 31203696 0 0 0 0 0 0 0 
bc_topo_base.1.sm_75.ptx 537 : 708929 4348288 0 0 0 0 0 0 0 
bc_topo_base.1.sm_75.ptx 536 : 708929 382375292 13409344 0 0 708515 454840 0 0 
bc_topo_base.1.sm_75.ptx 535 : 708929 6431201 0 0 0 0 0 0 0 
bc_topo_base.1.sm_75.ptx 534 : 708929 4343074 0 0 0 0 0 0 0 
bc_topo_base.1.sm_75.ptx 533 : 708929 317544205 9006560 0 0 708523 454840 0 0 
bc_topo_base.1.sm_75.ptx 523 : 451839 4090253 0 0 0 0 0 0 0 
bc_topo_base.1.sm_75.ptx 522 : 451839 4081020 0 0 0 0 0 0 0 
bc_topo_base.1.sm_75.ptx 521 : 451839 214247312 8377632 0 0 451597 352390 0 0 
bc_topo_base.1.sm_75.ptx 520 : 451839 4092729 0 0 0 0 0 0 0 
bc_topo_base.1.sm_75.ptx 519 : 451839 19887487 0 0 0 0 0 0 0 
bc_topo_base.1.sm_75.ptx 518 : 451839 2765437 0 0 0 0 0 0 0 
bc_topo_base.1.sm_75.ptx 517 : 451839 208794386 8003328 0 0 451597 352390 0 0 
bc_topo_base.1.sm_75.ptx 516 : 451839 4111983 0 0 0 0 0 0 0 
bc_topo_base.1.sm_75.ptx 515 : 451839 2762341 0 0 0 0 0 0 0 
bc_topo_base.1.sm_75.ptx 514 : 451839 167433864 5195552 0 0 451567 352390 0 0 
bc_topo_base.1.sm_75.ptx 485 : 249235 2256537 0 0 0 0 0 0 0 
bc_topo_base.1.sm_75.ptx 484 : 249235 2251372 0 0 0 0 0 0 0 
bc_topo_base.1.sm_75.ptx 483 : 249235 101626502 4194048 0 0 249067 222259 0 0 
bc_topo_base.1.sm_75.ptx 482 : 249235 2258251 0 0 0 0 0 0 0 
bc_topo_base.1.sm_75.ptx 481 : 249235 10969597 0 0 0 0 0 0 0 
bc_topo_base.1.sm_75.ptx 480 : 249235 1524885 0 0 0 0 0 0 0 
bc_topo_base.1.sm_75.ptx 479 : 249235 97400687 3949824 0 0 249067 222259 0 0 
bc_topo_base.1.sm_75.ptx 478 : 249235 2268600 0 0 0 0 0 0 0 
bc_topo_base.1.sm_75.ptx 477 : 249235 1525340 0 0 0 0 0 0 0 
bc_topo_base.1.sm_75.ptx 476 : 249235 78061521 2607360 0 0 249059 222259 0 0 
bc_topo_base.1.sm_75.ptx 558 : 3121854 58338523 0 0 0 3063027 97563 0 0 
bc_topo_base.1.sm_75.ptx 557 : 3121854 28224142 0 0 0 0 0 0 0 
bc_topo_base.1.sm_75.ptx 556 : 3121854 3441715596 66680192 0 0 3063027 97563 0 0 
bc_topo_base.1.sm_75.ptx 555 : 3121854 28562734 0 0 0 0 0 0 0 
bc_topo_base.1.sm_75.ptx 554 : 3121854 57959323 0 0 0 3063027 97563 0 0 
bc_topo_base.1.sm_75.ptx 553 : 3121854 28384142 0 0 0 0 0 0 0 
bc_topo_base.1.sm_75.ptx 552 : 3121854 28541828 0 0 0 0 0 0 0 
bc_topo_base.1.sm_75.ptx 551 : 3121854 19201418 0 0 0 0 0 0 0 
bc_topo_base.1.sm_75.ptx 548 : 5672796 21823458 0 0 0 0 0 0 460105 
bc_topo_base.1.sm_75.ptx 547 : 5672796 51697586 0 0 0 0 0 0 0 
bc_topo_base.1.sm_75.ptx 546 : 5672796 34734737 0 0 0 0 0 0 0 
bc_topo_base.1.sm_75.ptx 545 : 5672796 51717060 0 0 0 0 0 0 0 
bc_topo_base.1.sm_75.ptx 531 : 5672796 25481729 0 0 0 0 0 0 370821 
bc_topo_base.1.sm_75.ptx 530 : 5672796 34934150 0 0 0 0 0 0 0 
bc_topo_base.1.sm_75.ptx 529 : 5672796 4476561028 81723200 0 0 5659348 1521196 0 0 
bc_topo_base.1.sm_75.ptx 528 : 5672796 51596257 0 0 0 0 0 0 0 
bc_topo_base.1.sm_75.ptx 527 : 5672796 51687861 0 0 0 0 0 0 0 
bc_topo_base.1.sm_75.ptx 526 : 5672796 3044321164 26107040 0 0 5672550 1521196 0 0 
bc_topo_base.1.sm_75.ptx 512 : 5672796 26829412 0 0 0 0 0 0 281039 
bc_topo_base.1.sm_75.ptx 511 : 5672796 34883053 0 0 0 0 0 0 0 
bc_topo_base.1.sm_75.ptx 510 : 5672796 4465292964 79995936 0 0 5658742 1521196 0 0 
bc_topo_base.1.sm_75.ptx 509 : 5672796 51358830 0 0 0 0 0 0 0 
bc_topo_base.1.sm_75.ptx 508 : 5672796 51763355 0 0 0 0 0 0 0 
bc_topo_base.1.sm_75.ptx 507 : 5672796 2987139755 24829888 0 0 5672555 1521196 0 0 
bc_topo_base.1.sm_75.ptx 493 : 5672796 27505947 0 0 0 0 0 0 212364 
bc_topo_base.1.sm_75.ptx 492 : 5672796 35216804 0 0 0 0 0 0 0 
bc_topo_base.1.sm_75.ptx 491 : 5672796 4428253327 77761888 0 0 5657047 1521196 0 0 
bc_topo_base.1.sm_75.ptx 490 : 5672796 51654313 0 0 0 0 0 0 0 
bc_topo_base.1.sm_75.ptx 489 : 5672796 52034946 0 0 0 0 0 0 0 
bc_topo_base.1.sm_75.ptx 488 : 5672796 2954056979 24190560 0 0 5672542 1521196 0 0 
bc_topo_base.1.sm_75.ptx 474 : 5672796 27882630 0 0 0 0 0 0 166259 
bc_topo_base.1.sm_75.ptx 473 : 5672796 35022377 0 0 0 0 0 0 0 
bc_topo_base.1.sm_75.ptx 472 : 5672796 4365525420 74491232 0 0 5651818 1521196 0 0 
bc_topo_base.1.sm_75.ptx 471 : 5672796 51378610 0 0 0 0 0 0 0 
bc_topo_base.1.sm_75.ptx 470 : 5672796 51786959 0 0 0 0 0 0 0 
bc_topo_base.1.sm_75.ptx 469 : 5672796 3537089045 40113760 0 0 5672522 1521196 0 0 
bc_topo_base.1.sm_75.ptx 466 : 1452136 13153171 0 0 0 0 0 0 0 
bc_topo_base.1.sm_75.ptx 465 : 1452136 13164763 0 0 0 0 0 0 0 
bc_topo_base.1.sm_75.ptx 463 : 2644219 6159612 0 0 0 0 0 0 97415 
bc_topo_base.1.sm_75.ptx 462 : 2644219 16075424 0 0 0 0 0 0 0 
bc_topo_base.1.sm_75.ptx 461 : 2644219 24073871 0 0 0 0 0 0 0 
bc_topo_base.1.sm_75.ptx 460 : 2644219 16158917 0 0 0 0 0 0 0 
bc_topo_base.1.sm_75.ptx 457 : 3965887 9186427 0 0 0 0 0 0 194449 
bc_topo_base.1.sm_75.ptx 456 : 3965887 24132039 0 0 0 0 0 0 0 
bc_topo_base.1.sm_75.ptx 455 : 3965887 43755750 0 0 0 0 0 0 0 
bc_topo_base.1.sm_75.ptx 454 : 3965887 39992260 0 0 0 0 0 0 0 
bc_topo_base.1.sm_75.ptx 453 : 3965887 36204595 0 0 0 0 0 0 0 
bc_topo_base.1.sm_75.ptx 439 : 3965887 19809716 0 0 0 0 0 0 95224 
bc_topo_base.1.sm_75.ptx 438 : 3965887 25004643 0 0 0 0 0 0 0 
bc_topo_base.1.sm_75.ptx 437 : 3965887 4013563484 64992960 0 0 3909715 292068 0 0 
bc_topo_base.1.sm_75.ptx 436 : 3965887 36906731 0 0 0 0 0 0 0 
bc_topo_base.1.sm_75.ptx 435 : 3965887 45539366 0 0 0 0 0 0 0 
bc_topo_base.1.sm_75.ptx 434 : 3965887 3918583687 61737056 0 0 3946789 292068 0 0 
bc_topo_base.1.sm_75.ptx 430 : 2194619 17419720 0 0 0 0 0 0 0 
bc_topo_base.1.sm_75.ptx 429 : 2194619 21987985 0 0 0 0 0 0 0 
bc_topo_base.1.sm_75.ptx 428 : 2194619 20611310 0 0 0 0 0 0 0 
bc_topo_base.1.sm_75.ptx 426 : 2644219 2523869 0 0 0 0 0 0 95183 
bc_topo_base.1.sm_75.ptx 425 : 2644219 16844146 0 0 0 0 0 0 0 
bc_topo_base.1.sm_75.ptx 424 : 2644219 16933564 0 0 0 0 0 0 0 
bc_topo_base.1.sm_75.ptx 423 : 2644219 17360829 0 0 0 0 0 0 0 
bc_topo_base.1.sm_75.ptx 422 : 2644219 18432606 0 0 0 0 0 0 0 
bc_topo_base.1.sm_75.ptx 421 : 2644219 29026921 0 0 0 0 0 0 0 
bc_topo_base.1.sm_75.ptx 420 : 2644219 30055278 0 0 0 0 0 0 0 
bc_topo_base.1.sm_75.ptx 419 : 2644219 30381407 0 0 0 0 0 0 0 
bc_topo_base.1.sm_75.ptx 418 : 2644219 28160245 0 0 0 0 0 0 0 
bc_topo_base.1.sm_75.ptx 416 : 3121854 3427388 0 0 0 0 0 0 94340 
bc_topo_base.1.sm_75.ptx 415 : 3121854 26147444 0 0 0 0 0 0 0 
bc_topo_base.1.sm_75.ptx 414 : 3121854 61380340 0 0 0 0 0 0 0 
bc_topo_base.1.sm_75.ptx 413 : 3121854 4155015699 22085632 0 0 3091469 97563 0 0 
bc_topo_base.1.sm_75.ptx 412 : 3121854 4149509131 58135904 0 0 3091282 97563 0 0 
bc_topo_base.1.sm_75.ptx 411 : 3121854 41159363 0 0 0 0 0 0 0 
bc_topo_base.1.sm_75.ptx 410 : 3121854 50768963 0 0 0 0 0 0 0 
bc_topo_base.1.sm_75.ptx 409 : 3121854 2136026931 12488800 0 0 458631 97563 0 0 
bc_topo_base.1.sm_75.ptx 408 : 3121854 28766563 0 0 0 0 0 0 0 
bc_topo_base.1.sm_75.ptx 407 : 3121854 28736323 0 0 0 0 0 0 0 
bc_topo_base.1.sm_75.ptx 406 : 3121854 33113372 0 0 0 0 0 0 0 
bc_topo_base.1.sm_75.ptx 561 : 3123200 16582624 0 0 0 0 0 0 0 
bc_topo_base.1.sm_75.ptx 405 : 3121854 19910078 0 0 0 0 0 0 0 
bc_topo_base.1.sm_75.ptx 404 : 3121854 19548020 0 0 0 0 0 0 0 
bc_topo_base.1.sm_75.ptx 402 : 3123200 6869 0 0 0 0 0 0 10 
bc_topo_base.1.sm_75.ptx 401 : 3123200 20763808 0 0 0 0 0 0 0 
bc_topo_base.1.sm_75.ptx 400 : 3123200 31149280 0 0 0 0 0 0 0 
bc_topo_base.1.sm_75.ptx 399 : 3123200 18945952 0 0 0 0 0 0 0 
bc_topo_base.1.sm_75.ptx 398 : 3123200 19445024 0 0 0 0 0 0 0 
bc_topo_base.1.sm_75.ptx 397 : 3123200 20169728 0 0 0 0 0 0 0 
bc_topo_base.1.sm_75.ptx 396 : 3123200 20376832 0 0 0 0 0 0 0 
bc_topo_base.1.sm_75.ptx 395 : 3123200 20065664 0 0 0 0 0 0 0 
bc_topo_base.1.sm_75.ptx 394 : 3123200 22718528 0 0 0 0 0 0 0 
bc_topo_base.1.sm_75.ptx 393 : 3123200 33456160 0 0 0 0 0 0 0 
bc_topo_base.1.sm_75.ptx 392 : 3123200 42545312 0 0 0 0 0 0 0 
bc_topo_base.1.sm_75.ptx 391 : 3123200 41180960 0 0 0 0 0 0 0 
bc_topo_base.1.sm_75.ptx 390 : 3123200 41102016 0 0 0 0 0 0 0 
bc_topo_base.1.sm_75.ptx 389 : 3123200 41310272 0 0 0 0 0 0 0 
bc_topo_base.1.sm_75.ptx 388 : 3123200 41657504 0 0 0 0 0 0 0 
bc_topo_base.1.sm_75.ptx 387 : 3123200 41913952 0 0 0 0 0 0 0 
bc_topo_base.1.sm_75.ptx 386 : 3123200 41926464 0 0 0 0 0 0 0 
bc_topo_base.1.sm_75.ptx 385 : 3123200 42211776 0 0 0 0 0 0 0 
bc_topo_base.1.sm_75.ptx 384 : 3123200 124952160 0 0 0 0 0 0 0 
bc_topo_base.1.sm_75.ptx 211 : 5806846 241585360 32 0 0 4495836 1065927 0 0 
bc_topo_base.1.sm_75.ptx 191 : 5806846 35724513 0 0 0 0 0 0 0 
bc_topo_base.1.sm_75.ptx 173 : 4400347 2899484 0 0 0 0 0 0 191802 
bc_topo_base.1.sm_75.ptx 172 : 4400347 27838925 0 0 0 0 0 0 0 
bc_topo_base.1.sm_75.ptx 171 : 4400347 1969597005 9579328 0 0 2098087 434705 0 0 
bc_topo_base.1.sm_75.ptx 170 : 4400347 1949370587 58822240 0 0 1985486 434705 0 0 
bc_topo_base.1.sm_75.ptx 169 : 4400347 40514172 0 0 0 0 0 0 0 
bc_topo_base.1.sm_75.ptx 168 : 4400347 40984921 0 0 0 0 0 0 0 
bc_topo_base.1.sm_75.ptx 167 : 4400347 22531244 0 0 0 434705 434705 0 0 
bc_topo_base.1.sm_75.ptx 166 : 4400347 27611174 0 0 0 0 0 0 0 
bc_topo_base.1.sm_75.ptx 165 : 4400347 27593844 0 0 0 0 0 0 0 
bc_topo_base.1.sm_75.ptx 163 : 44261455 270653102 0 0 0 0 0 0 283287 
bc_topo_base.1.sm_75.ptx 162 : 44261455 462396905 0 0 0 0 0 0 0 
bc_topo_base.1.sm_75.ptx 161 : 44261455 15894878166 52953312 0 0 1654791 1654791 0 0 
bc_topo_base.1.sm_75.ptx 160 : 44261455 433442771 0 0 0 0 0 0 0 
bc_topo_base.1.sm_75.ptx 159 : 44261455 292748923 0 0 0 0 0 0 0 
bc_topo_base.1.sm_75.ptx 360 : 72714240 482068352 0 0 0 0 0 0 0 
bc_topo_base.1.sm_75.ptx 157 : 72713565 187883032 0 0 0 0 0 0 1257640 
bc_topo_base.1.sm_75.ptx 156 : 72713565 640910618 0 0 0 0 0 0 0 
bc_topo_base.1.sm_75.ptx 155 : 72713565 26433927506 72713760 0 0 2272305 2272305 0 0 
bc_topo_base.1.sm_75.ptx 154 : 72713565 722042608 0 0 0 0 0 0 0 
bc_topo_base.1.sm_75.ptx 153 : 72713565 473559744 0 0 0 0 0 0 0 
bc_topo_base.1.sm_75.ptx 152 : 72713565 512171719 0 0 0 0 0 0 0 
bc_topo_base.1.sm_75.ptx 150 : 72714240 4193 0 0 0 0 0 0 15 
bc_topo_base.1.sm_75.ptx 149 : 72714240 750207456 0 0 0 0 0 0 0 
bc_topo_base.1.sm_75.ptx 148 : 72714240 1413041504 0 0 0 0 0 0 0 
bc_topo_base.1.sm_75.ptx 147 : 72714240 814204480 0 0 0 0 0 0 0 
bc_topo_base.1.sm_75.ptx 146 : 72714240 539084960 0 0 0 0 0 0 0 
bc_topo_base.1.sm_75.ptx 145 : 72714240 487823136 0 0 0 0 0 0 0 
bc_topo_base.1.sm_75.ptx 144 : 72714240 469939552 0 0 0 0 0 0 0 
bc_topo_base.1.sm_75.ptx 143 : 72714240 461846112 0 0 0 0 0 0 0 
bc_topo_base.1.sm_75.ptx 142 : 72714240 530652640 0 0 0 0 0 0 0 
bc_topo_base.1.sm_75.ptx 141 : 72714240 610586208 0 0 0 0 0 0 0 
bc_topo_base.1.sm_75.ptx 140 : 72714240 976417312 0 0 0 0 0 0 0 
bc_topo_base.1.sm_75.ptx 139 : 72714240 949302656 0 0 0 0 0 0 0 
bc_topo_base.1.sm_75.ptx 138 : 72714240 946495904 0 0 0 0 0 0 0 
bc_topo_base.1.sm_75.ptx 203 : 111913 23204107 0 0 0 111913 101230 0 0 
bc_topo_base.1.sm_75.ptx 76 : 4847571 42699781 0 0 0 0 0 0 0 
bc_topo_base.1.sm_75.ptx 333 : 1527396 324388213 85888 0 0 1486267 1163166 0 0 
bc_topo_base.1.sm_75.ptx 135 : 72714240 947579936 0 0 0 0 0 0 0 
bc_topo_base.1.sm_75.ptx 75 : 4847571 55176843 0 0 0 0 0 0 0 
bc_topo_base.1.sm_75.ptx 332 : 1527396 7983994 0 0 0 0 0 0 0 
bc_topo_base.1.sm_75.ptx 134 : 72714240 949088064 0 0 0 0 0 0 0 
bc_topo_base.1.sm_75.ptx 201 : 114184 11896 0 0 0 0 0 0 1374 
bc_topo_base.1.sm_75.ptx 74 : 4847571 44212690 0 0 0 0 0 0 0 
bc_topo_base.1.sm_75.ptx 588 : 72713565 714120546 0 0 0 0 0 0 0 
bc_topo_base.1.sm_75.ptx 133 : 72714240 954501312 0 0 0 0 0 0 0 
bc_topo_base.1.sm_75.ptx 200 : 114184 733975 0 0 0 0 0 0 0 
bc_topo_base.1.sm_75.ptx 73 : 4847571 83192645 0 0 0 605947 151487 0 0 
bc_topo_base.1.sm_75.ptx 330 : 15468520 71654509 0 0 0 0 0 0 837818 
bc_topo_base.1.sm_75.ptx 587 : 72713565 504176587 0 0 0 0 0 0 0 
bc_topo_base.1.sm_75.ptx 132 : 72714240 978917280 0 0 0 0 0 0 0 
bc_topo_base.1.sm_75.ptx 199 : 114184 23736418 32 0 0 110424 101610 0 0 
bc_topo_base.1.sm_75.ptx 72 : 4847571 52314763 0 0 0 0 0 0 0 
bc_topo_base.1.sm_75.ptx 329 : 15468520 95091177 0 0 0 0 0 0 0 
bc_topo_base.1.sm_75.ptx 131 : 72714240 1098919264 0 0 0 0 0 0 0 
bc_topo_base.1.sm_75.ptx 198 : 114184 613442 0 0 0 0 0 0 0 
bc_topo_base.1.sm_75.ptx 71 : 4847571 37543346 0 0 0 0 0 0 0 
bc_topo_base.1.sm_75.ptx 328 : 15468520 6367342344 205242880 0 0 14255872 3663193 0 0 
bc_topo_base.1.sm_75.ptx 585 : 72714240 4300 0 0 0 0 0 0 15 
bc_topo_base.1.sm_75.ptx 130 : 72714240 2749610272 0 0 0 0 0 0 0 
bc_topo_base.1.sm_75.ptx 70 : 4847571 39117938 0 0 0 605947 151487 0 0 
bc_topo_base.1.sm_75.ptx 327 : 15468520 140774054 0 0 0 0 0 0 0 
bc_topo_base.1.sm_75.ptx 584 : 72714240 464732960 0 0 0 0 0 0 0 
bc_topo_base.1.sm_75.ptx 129 : 72714240 1353573664 0 0 0 0 0 0 0 
bc_topo_base.1.sm_75.ptx 196 : 5806846 29801201 0 0 0 0 0 0 84541 
bc_topo_base.1.sm_75.ptx 69 : 4847571 40854648 0 0 0 0 0 0 0 
bc_topo_base.1.sm_75.ptx 326 : 15468520 141120134 0 0 0 0 0 0 0 
bc_topo_base.1.sm_75.ptx 583 : 72714240 718540032 0 0 0 0 0 0 0 
bc_topo_base.1.sm_75.ptx 195 : 5806846 36502440 0 0 0 0 0 0 0 
bc_topo_base.1.sm_75.ptx 68 : 4847571 39491909 0 0 0 0 0 0 0 
bc_topo_base.1.sm_75.ptx 325 : 15468520 4389733451 54523072 0 0 15369030 3663193 0 0 
bc_topo_base.1.sm_75.ptx 582 : 72714240 470445152 0 0 0 0 0 0 0 
bc_topo_base.1.sm_75.ptx 194 : 5806846 2476198460 92414240 0 0 4495836 1065927 0 0 
bc_topo_base.1.sm_75.ptx 67 : 4847571 51393502 0 0 0 0 0 0 0 
bc_topo_base.1.sm_75.ptx 581 : 72714240 512322144 0 0 0 0 0 0 0 
bc_topo_base.1.sm_75.ptx 193 : 5806846 52888401 0 0 0 0 0 0 0 
bc_topo_base.1.sm_75.ptx 66 : 4847571 50998910 0 0 0 0 0 0 0 
bc_topo_base.1.sm_75.ptx 580 : 72714240 569672224 0 0 0 0 0 0 0 
bc_topo_base.1.sm_75.ptx 192 : 5806846 53796973 0 0 0 0 0 0 0 
bc_topo_base.1.sm_75.ptx 65 : 4847571 37242290 0 0 0 0 0 0 0 
bc_topo_base.1.sm_75.ptx 322 : 3644296 1296649989 67634560 0 0 3611405 2090965 0 0 
bc_topo_base.1.sm_75.ptx 579 : 72714240 912329120 0 0 0 0 0 0 0 
bc_topo_base.1.sm_75.ptx 190 : 5806846 1980831598 84915488 0 0 4914849 1065927 0 0 
bc_topo_base.1.sm_75.ptx 63 : 4847616 225 0 0 0 0 0 0 1 
bc_topo_base.1.sm_75.ptx 320 : 3644296 33065439 0 0 0 0 0 0 0 
bc_topo_base.1.sm_75.ptx 577 : 72714240 470440416 0 0 0 0 0 0 0 
bc_topo_base.1.sm_75.ptx 62 : 4847616 39357472 0 0 0 0 0 0 0 
bc_topo_base.1.sm_75.ptx 318 : 15468520 60819466 0 0 0 0 0 0 1214675 
bc_topo_base.1.sm_75.ptx 204 : 111913 1053763 0 0 0 0 0 0 0 
bc_topo_base.1.sm_75.ptx 77 : 4847571 64659077 0 0 0 151487 151487 0 0 
bc_topo_base.1.sm_75.ptx 334 : 1527396 9396355 0 0 0 0 0 0 0 
bc_topo_base.1.sm_75.ptx 136 : 72714240 946892768 0 0 0 0 0 0 0 
bc_topo_base.1.sm_75.ptx 175 : 3867502 35591077 0 0 0 0 0 0 0 
bc_topo_base.1.sm_75.ptx 589 : 72713565 681540901 0 0 0 0 0 0 0 
bc_topo_base.1.sm_75.ptx 48 : 4847616 50808736 0 0 0 0 0 0 0 
bc_topo_base.1.sm_75.ptx 305 : 1115912 6842303 0 0 0 0 0 0 0 
bc_topo_base.1.sm_75.ptx 176 : 3867502 35245971 0 0 0 0 0 0 0 
bc_topo_base.1.sm_75.ptx 590 : 72713565 28766871309 290464000 0 0 9089205 2272305 0 0 
bc_topo_base.1.sm_75.ptx 49 : 4847616 165220704 0 0 0 0 0 0 0 
bc_topo_base.1.sm_75.ptx 306 : 1115912 35844 0 0 0 0 0 0 4228 
bc_topo_base.1.sm_75.ptx 177 : 3867502 39090221 0 0 0 0 0 0 0 
bc_topo_base.1.sm_75.ptx 591 : 72713565 454698862 0 0 0 0 0 0 0 
bc_topo_base.1.sm_75.ptx 50 : 4847616 62804544 0 0 0 0 0 0 0 
bc_topo_base.1.sm_75.ptx 178 : 3867502 23730859 0 0 0 0 0 0 0 
bc_topo_base.1.sm_75.ptx 308 : 1108942 231995427 64 0 0 1108942 892763 0 0 
bc_topo_base.1.sm_75.ptx 179 : 3867502 23990948 0 0 0 0 0 0 0 
bc_topo_base.1.sm_75.ptx 52 : 4847616 63126624 0 0 0 0 0 0 0 
bc_topo_base.1.sm_75.ptx 309 : 1108942 10112900 0 0 0 0 0 0 0 
bc_topo_base.1.sm_75.ptx 180 : 3867502 24303828 0 0 0 0 0 0 0 
bc_topo_base.1.sm_75.ptx 310 : 1108942 10038537 0 0 0 0 0 0 0 
bc_topo_base.1.sm_75.ptx 181 : 3867502 3952748 0 0 0 0 0 0 248278 
bc_topo_base.1.sm_75.ptx 311 : 1108942 10032597 0 0 0 0 0 0 0 
bc_topo_base.1.sm_75.ptx 312 : 1108942 4873574 0 0 0 939580 892763 0 0 
bc_topo_base.1.sm_75.ptx 183 : 3134988 20243752 0 0 0 0 0 0 0 
bc_topo_base.1.sm_75.ptx 313 : 1108942 5040611 0 0 0 892763 892763 0 0 
bc_topo_base.1.sm_75.ptx 184 : 3134988 29079502 0 0 0 0 0 0 0 
bc_topo_base.1.sm_75.ptx 185 : 3134988 28624158 0 0 0 0 0 0 0 
bc_topo_base.1.sm_75.ptx 186 : 3134988 22565631 0 0 0 0 0 0 0 
bc_topo_base.1.sm_75.ptx 59 : 4847616 31145376 0 0 0 0 0 0 0 
bc_topo_base.1.sm_75.ptx 316 : 15468520 864950401 36704 0 0 14245151 3663193 0 0 
bc_topo_base.1.sm_75.ptx 317 : 15468520 95049564 0 0 0 0 0 0 0 
bc_topo_base.1.sm_75.ptx 205 : 111913 1022638 0 0 0 0 0 0 0 
bc_topo_base.1.sm_75.ptx 78 : 4847571 39530642 0 0 0 0 0 0 0 
bc_topo_base.1.sm_75.ptx 335 : 1527396 58559 0 0 0 0 0 0 7804 
bc_topo_base.1.sm_75.ptx 51 : 4847616 63168896 0 0 0 0 0 0 0 
bc_topo_base.1.sm_75.ptx 592 : 72713565 131711870 0 0 0 0 0 0 1367694 
bc_topo_base.1.sm_75.ptx 137 : 72714240 946477696 0 0 0 0 0 0 0 
bc_topo_base.1.sm_75.ptx 206 : 111913 1028743 0 0 0 0 0 0 0 
bc_topo_base.1.sm_75.ptx 79 : 4847571 53009451 0 0 0 0 0 0 0 
bc_topo_base.1.sm_75.ptx 207 : 111913 491966 0 0 0 103052 101230 0 0 
bc_topo_base.1.sm_75.ptx 80 : 4847571 40369637 0 0 0 0 0 0 0 
bc_topo_base.1.sm_75.ptx 337 : 1516194 316905698 0 0 0 1516194 1161708 0 0 
bc_topo_base.1.sm_75.ptx 53 : 4847616 63046816 0 0 0 0 0 0 0 
bc_topo_base.1.sm_75.ptx 594 : 48661801 306741519 0 0 0 0 0 0 0 
bc_topo_base.1.sm_75.ptx 208 : 111913 508195 0 0 0 101230 101230 0 0 
bc_topo_base.1.sm_75.ptx 81 : 4847571 6 0 0 0 0 0 0 1 
bc_topo_base.1.sm_75.ptx 338 : 1516194 13872188 0 0 0 0 0 0 0 
bc_topo_base.1.sm_75.ptx 54 : 4847616 63082592 0 0 0 0 0 0 0 
bc_topo_base.1.sm_75.ptx 595 : 48661801 308722011 0 0 0 0 0 0 0 
bc_topo_base.1.sm_75.ptx 82 : 4847570 37546266 0 0 0 0 0 0 0 
bc_topo_base.1.sm_75.ptx 339 : 1516194 13715719 0 0 0 0 0 0 0 
bc_topo_base.1.sm_75.ptx 55 : 4847616 65505024 0 0 0 0 0 0 0 
bc_topo_base.1.sm_75.ptx 596 : 48661801 446143982 0 0 0 0 0 0 0 
bc_topo_base.1.sm_75.ptx 96 : 4847570 65591821 0 0 0 151487 151487 0 0 
bc_topo_base.1.sm_75.ptx 97 : 4847570 54848098 0 0 0 0 0 0 0 
bc_topo_base.1.sm_75.ptx 354 : 15468520 140610089 0 0 0 0 0 0 0 
bc_topo_base.1.sm_75.ptx 212 : 5806846 36318100 0 0 0 0 0 0 0 
bc_topo_base.1.sm_75.ptx 85 : 1 7 0 0 0 0 0 0 0 
bc_topo_base.1.sm_75.ptx 342 : 1516194 6908878 0 0 0 1161708 1161708 0 0 
bc_topo_base.1.sm_75.ptx 58 : 4847616 31395648 0 0 0 0 0 0 0 
bc_topo_base.1.sm_75.ptx 599 : 48661801 240041271 0 0 0 0 0 0 283287 
bc_topo_base.1.sm_75.ptx 98 : 4847570 89970504 0 0 0 605947 151487 0 0 
bc_topo_base.1.sm_75.ptx 355 : 15468520 93887649 0 0 0 0 0 0 0 
bc_topo_base.1.sm_75.ptx 213 : 5806846 29247627 0 0 0 0 0 0 177142 
bc_topo_base.1.sm_75.ptx 86 : 1 5 0 0 0 1 1 0 0 
bc_topo_base.1.sm_75.ptx 99 : 4847570 60430274 0 0 0 0 0 0 0 
bc_topo_base.1.sm_75.ptx 356 : 15468520 140172750 0 0 0 0 0 0 0 
bc_topo_base.1.sm_75.ptx 100 : 4847570 45672798 0 0 0 0 0 0 0 
bc_topo_base.1.sm_75.ptx 357 : 15468520 67358672 0 0 0 0 0 0 1047473 
bc_topo_base.1.sm_75.ptx 87 : 1 11 0 0 0 0 0 0 0 
bc_topo_base.1.sm_75.ptx 60 : 4847616 31944544 0 0 0 0 0 0 0 
bc_topo_base.1.sm_75.ptx 601 : 4400346 24088971 0 0 0 0 0 0 0 
bc_topo_base.1.sm_75.ptx 101 : 4847570 96053953 0 0 0 605947 151487 0 0 
bc_topo_base.1.sm_75.ptx 215 : 272776 2480114 0 0 0 0 0 0 0 
bc_topo_base.1.sm_75.ptx 88 : 1 9 0 0 0 0 0 0 0 
bc_topo_base.1.sm_75.ptx 345 : 15468520 917652784 41280 0 0 14255872 3663193 0 0 
bc_topo_base.1.sm_75.ptx 61 : 4847616 53683200 0 0 0 0 0 0 0 
bc_topo_base.1.sm_75.ptx 602 : 4400346 19281164 0 0 0 434704 434704 0 0 
bc_topo_base.1.sm_75.ptx 104 : 4847616 40809600 0 0 0 0 0 0 0 
bc_topo_base.1.sm_75.ptx 216 : 272776 90461065 6258848 0 0 253213 220478 0 0 
bc_topo_base.1.sm_75.ptx 89 : 1 6 0 0 0 0 0 0 0 
bc_topo_base.1.sm_75.ptx 346 : 15468520 95008043 0 0 0 0 0 0 0 
bc_topo_base.1.sm_75.ptx 217 : 272776 92997110 6705632 0 0 268604 220478 0 0 
bc_topo_base.1.sm_75.ptx 90 : 1 109 0 0 0 1 1 0 0 
bc_topo_base.1.sm_75.ptx 347 : 15468520 58364618 0 0 0 0 0 0 1343107 
bc_topo_base.1.sm_75.ptx 91 : 1 11 0 0 0 0 0 0 0 
bc_topo_base.1.sm_75.ptx 605 : 72714240 397305312 0 0 0 0 0 0 0 
bc_topo_base.1.sm_75.ptx 92 : 1 4 0 0 0 1 1 0 0 
bc_topo_base.1.sm_75.ptx 349 : 4106227 37180548 0 0 0 0 0 0 0 
bc_topo_base.1.sm_75.ptx 93 : 1 5 0 0 0 0 0 0 0 
bc_topo_base.1.sm_75.ptx 350 : 4106227 469575043 7020064 0 0 3340632 2275932 0 0 
bc_topo_base.1.sm_75.ptx 220 : 5806846 52979853 0 0 0 0 0 0 0 
bc_topo_base.1.sm_75.ptx 221 : 5806846 58735511 0 0 0 0 0 0 0 
bc_topo_base.1.sm_75.ptx 222 : 5806846 64196436 0 0 0 0 0 0 0 
bc_topo_base.1.sm_75.ptx 223 : 5806846 35530290 0 0 0 0 0 0 0 
bc_topo_base.1.sm_75.ptx 224 : 5806846 14079360 0 0 0 0 0 0 530503 
bc_topo_base.1.sm_75.ptx 227 : 3867502 23786455 0 0 0 0 0 0 0 
bc_topo_base.1.sm_75.ptx 228 : 3867502 35206571 0 0 0 0 0 0 0 
bc_topo_base.1.sm_75.ptx 229 : 3867502 23713044 0 0 0 0 0 0 0 
bc_topo_base.1.sm_75.ptx 230 : 3867502 7132199 0 0 0 0 0 0 234954 
bc_topo_base.1.sm_75.ptx 232 : 2520157 15539768 0 0 0 0 0 0 0 
bc_topo_base.1.sm_75.ptx 233 : 2520157 23053554 0 0 0 0 0 0 0 
bc_topo_base.1.sm_75.ptx 234 : 2520157 22868756 0 0 0 0 0 0 0 
bc_topo_base.1.sm_75.ptx 235 : 2520157 17888470 0 0 0 0 0 0 0 
bc_topo_base.1.sm_75.ptx 238 : 15468520 4785601065 73363392 0 0 15368909 3663193 0 0 
bc_topo_base.1.sm_75.ptx 239 : 15468520 141190079 0 0 0 0 0 0 0 
bc_topo_base.1.sm_75.ptx 240 : 15468520 139968755 0 0 0 0 0 0 0 
bc_topo_base.1.sm_75.ptx 241 : 15468520 6297706499 198022528 0 0 14098352 3663193 0 0 
bc_topo_base.1.sm_75.ptx 242 : 15468520 95072619 0 0 0 0 0 0 0 
bc_topo_base.1.sm_75.ptx 243 : 15468520 75631362 0 0 0 0 0 0 415953 
bc_topo_base.1.sm_75.ptx 245 : 772921 4030456 0 0 0 0 0 0 0 
bc_topo_base.1.sm_75.ptx 246 : 772921 165141661 49056 0 0 772289 636001 0 0 
bc_topo_base.1.sm_75.ptx 247 : 772921 4727204 0 0 0 0 0 0 0 
bc_topo_base.1.sm_75.ptx 248 : 772921 24378 0 0 0 0 0 0 2494 
bc_topo_base.1.sm_75.ptx 250 : 768288 161038784 96 0 0 768288 634626 0 0 
bc_topo_base.1.sm_75.ptx 251 : 768288 7001563 0 0 0 0 0 0 0 
bc_topo_base.1.sm_75.ptx 252 : 768288 6949509 0 0 0 0 0 0 0 
bc_topo_base.1.sm_75.ptx 253 : 768288 6950259 0 0 0 0 0 0 0 
bc_topo_base.1.sm_75.ptx 254 : 768288 3363579 0 0 0 666869 634626 0 0 
bc_topo_base.1.sm_75.ptx 255 : 768288 3475548 0 0 0 634626 634626 0 0 
bc_topo_base.1.sm_75.ptx 258 : 15468520 809577255 30880 0 0 14098352 3663193 0 0 
bc_topo_base.1.sm_75.ptx 259 : 15468520 95003308 0 0 0 0 0 0 0 
bc_topo_base.1.sm_75.ptx 260 : 15468520 63607359 0 0 0 0 0 0 1049535 
bc_topo_base.1.sm_75.ptx 262 : 3110455 28222989 0 0 0 0 0 0 0 
bc_topo_base.1.sm_75.ptx 263 : 3110455 316276761 3831360 0 0 2596294 1849629 0 0 
bc_topo_base.1.sm_75.ptx 264 : 3110455 1097762427 58817248 0 0 3086149 1849629 0 0 
bc_topo_base.1.sm_75.ptx 267 : 15468520 4366237400 54527680 0 0 15368902 3663193 0 0 
bc_topo_base.1.sm_75.ptx 268 : 15468520 141162210 0 0 0 0 0 0 0 
bc_topo_base.1.sm_75.ptx 269 : 15468520 140808967 0 0 0 0 0 0 0 
bc_topo_base.1.sm_75.ptx 270 : 15468520 6335358369 203698560 0 0 14201485 3663193 0 0 
bc_topo_base.1.sm_75.ptx 271 : 15468520 95068523 0 0 0 0 0 0 0 
bc_topo_base.1.sm_75.ptx 272 : 15468520 74880675 0 0 0 0 0 0 493228 
bc_topo_base.1.sm_75.ptx 274 : 900213 4696397 0 0 0 0 0 0 0 
bc_topo_base.1.sm_75.ptx 275 : 900213 191950767 54432 0 0 898775 734311 0 0 
bc_topo_base.1.sm_75.ptx 276 : 900213 5508975 0 0 0 0 0 0 0 
bc_topo_base.1.sm_75.ptx 277 : 900213 27160 0 0 0 0 0 0 3006 
bc_topo_base.1.sm_75.ptx 279 : 895009 187451881 0 0 0 895009 733016 0 0 
bc_topo_base.1.sm_75.ptx 280 : 895009 8150551 0 0 0 0 0 0 0 
bc_topo_base.1.sm_75.ptx 281 : 895009 8090102 0 0 0 0 0 0 0 
bc_topo_base.1.sm_75.ptx 282 : 895009 8125970 0 0 0 0 0 0 0 
bc_topo_base.1.sm_75.ptx 283 : 895009 3926361 0 0 0 770358 733016 0 0 
bc_topo_base.1.sm_75.ptx 284 : 895009 4053686 0 0 0 733016 733016 0 0 
bc_topo_base.1.sm_75.ptx 287 : 15468520 835362158 33312 0 0 14201485 3663193 0 0 
bc_topo_base.1.sm_75.ptx 288 : 15468520 94983743 0 0 0 0 0 0 0 
bc_topo_base.1.sm_75.ptx 289 : 15468520 62342872 0 0 0 0 0 0 1120473 
bc_topo_base.1.sm_75.ptx 291 : 3335297 30196000 0 0 0 0 0 0 0 
bc_topo_base.1.sm_75.ptx 292 : 3335297 342390651 4149056 0 0 2767794 1953812 0 0 
bc_topo_base.1.sm_75.ptx 293 : 3335297 1182592600 62788608 0 0 3308785 1953812 0 0 
bc_topo_base.1.sm_75.ptx 296 : 15468520 4374636595 54521184 0 0 15368665 3663193 0 0 
bc_topo_base.1.sm_75.ptx 297 : 15468520 141113674 0 0 0 0 0 0 0 
bc_topo_base.1.sm_75.ptx 298 : 15468520 139916190 0 0 0 0 0 0 0 
bc_topo_base.1.sm_75.ptx 299 : 15468520 6353344912 205681408 0 0 14245151 3663193 0 0 
bc_topo_base.1.sm_75.ptx 300 : 15468520 95070484 0 0 0 0 0 0 0 
bc_topo_base.1.sm_75.ptx 301 : 15468520 73840974 0 0 0 0 0 0 621597 
bc_topo_base.1.sm_75.ptx 303 : 1115912 5826820 0 0 0 0 0 0 0 
bc_topo_base.1.sm_75.ptx 304 : 1115912 237879336 68800 0 0 1110159 894250 0 0 
bc_topo_base.1.sm_75.ptx 321 : 3644296 386670303 4977056 0 0 3000902 2090965 0 0 
bc_topo_base.1.sm_75.ptx 578 : 72714240 1078289696 0 0 0 0 0 0 0 
bc_topo_base.1.sm_75.ptx 340 : 1516194 13774773 0 0 0 0 0 0 0 
bc_topo_base.1.sm_75.ptx 56 : 4847616 64603520 0 0 0 0 0 0 0 
bc_topo_base.1.sm_75.ptx 597 : 48661801 17692059120 57798656 0 0 1806208 1806208 0 0 
bc_topo_base.1.sm_75.ptx 341 : 1516194 6677951 0 0 0 1229748 1161708 0 0 
bc_topo_base.1.sm_75.ptx 57 : 4847616 36502688 0 0 0 0 0 0 0 
bc_topo_base.1.sm_75.ptx 598 : 48661801 305635205 0 0 0 0 0 0 0 
bc_topo_base.1.sm_75.ptx 351 : 4106227 1457008999 73417248 0 0 4034385 2275932 0 0 
bc_topo_base.1.sm_75.ptx 383 : 3123200 27342272 0 0 0 0 0 0 0 
