kernel line : count latency dram_traffic smem_bk_conflicts smem_warp gmem_access_generated gmem_warp exposed_latency warp_divergence
linear_base.1.sm_75.ptx 752 : 326579 2958797 0 0 0 0 0 0 0 
linear_base.1.sm_75.ptx 751 : 326579 2947515 0 0 0 0 0 0 0 
linear_base.1.sm_75.ptx 750 : 326579 156699563 4228544 0 0 326390 173064 0 0 
linear_base.1.sm_75.ptx 749 : 326579 2952029 0 0 0 0 0 0 0 
linear_base.1.sm_75.ptx 748 : 326579 14375345 0 0 0 0 0 0 0 
linear_base.1.sm_75.ptx 747 : 326579 1979389 0 0 0 0 0 0 0 
linear_base.1.sm_75.ptx 746 : 326579 150555909 3610912 0 0 326390 173064 0 0 
linear_base.1.sm_75.ptx 745 : 326579 2968870 0 0 0 0 0 0 0 
linear_base.1.sm_75.ptx 744 : 326579 1977108 0 0 0 0 0 0 0 
linear_base.1.sm_75.ptx 743 : 326579 115876563 1285920 0 0 324977 173064 0 0 
linear_base.1.sm_75.ptx 717 : 4673 47073 0 0 0 0 0 0 0 
linear_base.1.sm_75.ptx 716 : 4673 42864 0 0 0 0 0 0 0 
linear_base.1.sm_75.ptx 715 : 4673 3499520 126208 0 0 4668 4178 0 0 
linear_base.1.sm_75.ptx 714 : 4673 42206 0 0 0 0 0 0 0 
linear_base.1.sm_75.ptx 713 : 4673 205638 0 0 0 0 0 0 0 
linear_base.1.sm_75.ptx 712 : 4673 29800 0 0 0 0 0 0 0 
linear_base.1.sm_75.ptx 711 : 4673 2773023 95680 0 0 4668 4178 0 0 
linear_base.1.sm_75.ptx 710 : 4673 42623 0 0 0 0 0 0 0 
linear_base.1.sm_75.ptx 708 : 4673 3071433 119008 0 0 4665 4178 0 0 
linear_base.1.sm_75.ptx 812 : 3394615 30984390 0 0 0 0 0 0 0 
linear_base.1.sm_75.ptx 804 : 435283 2647318 0 0 0 0 0 0 0 
linear_base.1.sm_75.ptx 796 : 3394615 2654007600 13078048 0 0 3363719 485715 0 0 
linear_base.1.sm_75.ptx 794 : 3394615 31008345 0 0 0 0 0 0 0 
linear_base.1.sm_75.ptx 793 : 3394615 3081718141 24564416 0 0 3394591 485715 0 0 
linear_base.1.sm_75.ptx 787 : 380441 3440797 0 0 0 0 0 0 0 
linear_base.1.sm_75.ptx 760 : 3394615 15651013 0 0 0 0 0 0 144290 
linear_base.1.sm_75.ptx 759 : 3394615 21148326 0 0 0 0 0 0 0 
linear_base.1.sm_75.ptx 758 : 3394615 2564935971 9459776 0 0 3345597 485715 0 0 
linear_base.1.sm_75.ptx 757 : 3394615 31002494 0 0 0 0 0 0 0 
linear_base.1.sm_75.ptx 756 : 3394615 31200720 0 0 0 0 0 0 0 
linear_base.1.sm_75.ptx 755 : 3394615 3076505780 23737760 0 0 3394592 485715 0 0 
linear_base.1.sm_75.ptx 741 : 3394615 15751988 0 0 0 0 0 0 134271 
linear_base.1.sm_75.ptx 740 : 3394615 20939218 0 0 0 0 0 0 0 
linear_base.1.sm_75.ptx 739 : 3394615 2477865210 8195872 0 0 3324942 485715 0 0 
linear_base.1.sm_75.ptx 738 : 3394615 30743152 0 0 0 0 0 0 0 
linear_base.1.sm_75.ptx 737 : 3394615 31148607 0 0 0 0 0 0 0 
linear_base.1.sm_75.ptx 736 : 3394615 3130809415 27932000 0 0 3394596 485715 0 0 
linear_base.1.sm_75.ptx 733 : 331488 2995672 0 0 0 0 0 0 0 
linear_base.1.sm_75.ptx 732 : 331488 3007367 0 0 0 0 0 0 0 
linear_base.1.sm_75.ptx 825 : 360493 6791354 0 0 0 359269 11273 0 0 
linear_base.1.sm_75.ptx 818 : 360493 2218584 0 0 0 0 0 0 0 
linear_base.1.sm_75.ptx 730 : 360493 149396 0 0 0 0 0 0 9157 
linear_base.1.sm_75.ptx 729 : 360493 2195566 0 0 0 0 0 0 0 
linear_base.1.sm_75.ptx 728 : 360493 3302692 0 0 0 0 0 0 0 
linear_base.1.sm_75.ptx 727 : 360493 2203566 0 0 0 0 0 0 0 
linear_base.1.sm_75.ptx 724 : 542454 1388304 0 0 0 0 0 0 22538 
linear_base.1.sm_75.ptx 723 : 542454 3333867 0 0 0 0 0 0 0 
linear_base.1.sm_75.ptx 722 : 542454 5994002 0 0 0 0 0 0 0 
linear_base.1.sm_75.ptx 721 : 542454 5474779 0 0 0 0 0 0 0 
linear_base.1.sm_75.ptx 720 : 542454 4926421 0 0 0 0 0 0 0 
linear_base.1.sm_75.ptx 701 : 542454 998180056 9848736 0 0 542384 33817 0 0 
linear_base.1.sm_75.ptx 692 : 360493 3232137 0 0 0 0 0 0 0 
linear_base.1.sm_75.ptx 678 : 360493 18401813 0 0 0 0 0 0 0 
linear_base.1.sm_75.ptx 677 : 360493 21276949 0 0 0 0 0 0 0 
linear_base.1.sm_75.ptx 676 : 360493 208074386 1425504 0 0 56300 11273 0 0 
linear_base.1.sm_75.ptx 675 : 360493 3517973 0 0 0 0 0 0 0 
linear_base.1.sm_75.ptx 674 : 360493 3680206 0 0 0 0 0 0 0 
linear_base.1.sm_75.ptx 673 : 360493 2543928 0 0 0 0 0 0 0 
linear_base.1.sm_75.ptx 672 : 360493 2318921 0 0 0 0 0 0 0 
linear_base.1.sm_75.ptx 670 : 362496 10406 0 0 0 0 0 0 12 
linear_base.1.sm_75.ptx 669 : 362496 2956672 0 0 0 0 0 0 0 
linear_base.1.sm_75.ptx 668 : 362496 3837216 0 0 0 0 0 0 0 
linear_base.1.sm_75.ptx 667 : 362496 2357440 0 0 0 0 0 0 0 
linear_base.1.sm_75.ptx 666 : 362496 2232160 0 0 0 0 0 0 0 
linear_base.1.sm_75.ptx 665 : 362496 2284928 0 0 0 0 0 0 0 
linear_base.1.sm_75.ptx 663 : 362496 2282016 0 0 0 0 0 0 0 
linear_base.1.sm_75.ptx 662 : 362496 2531488 0 0 0 0 0 0 0 
linear_base.1.sm_75.ptx 652 : 362496 7218080 0 0 0 0 0 0 0 
linear_base.1.sm_75.ptx 625 : 3394615 20653302 0 0 0 0 0 0 0 
linear_base.1.sm_75.ptx 624 : 3394615 30889319 0 0 0 0 0 0 0 
linear_base.1.sm_75.ptx 819 : 360493 3292895 0 0 0 0 0 0 0 
linear_base.1.sm_75.ptx 278 : 542454 981251589 9956832 0 0 542384 33817 0 0 
linear_base.1.sm_75.ptx 805 : 435283 19160923 0 0 0 0 0 0 0 
linear_base.1.sm_75.ptx 264 : 360493 8600789 0 0 0 0 0 0 0 
linear_base.1.sm_75.ptx 803 : 435283 216900522 6095200 0 0 435127 225229 0 0 
linear_base.1.sm_75.ptx 262 : 360493 0 0 0 0 0 0 0 0 
linear_base.1.sm_75.ptx 802 : 435283 3943098 0 0 0 0 0 0 0 
linear_base.1.sm_75.ptx 261 : 360493 46950372 0 0 0 0 0 0 0 
linear_base.1.sm_75.ptx 801 : 435283 2640901 0 0 0 0 0 0 0 
linear_base.1.sm_75.ptx 260 : 360493 582767978 3398432 0 0 359690 11273 0 0 
linear_base.1.sm_75.ptx 800 : 435283 170733386 2528768 0 0 433387 225229 0 0 
linear_base.1.sm_75.ptx 259 : 360493 645447443 7777664 0 0 359657 11273 0 0 
linear_base.1.sm_75.ptx 258 : 360493 27924413 0 0 0 0 0 0 0 
linear_base.1.sm_75.ptx 515 : 90873 465985 0 0 0 0 0 0 0 
linear_base.1.sm_75.ptx 798 : 3394615 15150003 0 0 0 0 0 0 182024 
linear_base.1.sm_75.ptx 257 : 360493 18109685 0 0 0 0 0 0 0 
linear_base.1.sm_75.ptx 514 : 90873 554105 0 0 0 0 0 0 0 
linear_base.1.sm_75.ptx 797 : 3394615 21008082 0 0 0 0 0 0 0 
linear_base.1.sm_75.ptx 256 : 360493 2359566 0 0 0 0 0 0 0 
linear_base.1.sm_75.ptx 251 : 360493 2128779 0 0 0 0 0 0 0 
linear_base.1.sm_75.ptx 790 : 380441 3445706 0 0 0 0 0 0 0 
linear_base.1.sm_75.ptx 249 : 360493 3442645 0 0 0 0 0 0 0 
linear_base.1.sm_75.ptx 506 : 90873 550102 0 0 0 0 0 0 0 
linear_base.1.sm_75.ptx 657 : 362496 4834912 0 0 0 0 0 0 0 
linear_base.1.sm_75.ptx 116 : 1 7 0 0 0 0 0 0 0 
linear_base.1.sm_75.ptx 373 : 62108 3054581 32 0 0 48629 48629 0 0 
linear_base.1.sm_75.ptx 795 : 3394615 30930540 0 0 0 0 0 0 0 
linear_base.1.sm_75.ptx 254 : 362496 10473 0 0 0 0 0 0 12 
linear_base.1.sm_75.ptx 511 : 90873 495438 0 0 0 74861 70336 0 0 
linear_base.1.sm_75.ptx 789 : 380441 3434066 0 0 0 0 0 0 0 
linear_base.1.sm_75.ptx 248 : 360493 3591913 0 0 0 0 0 0 0 
linear_base.1.sm_75.ptx 505 : 90873 5079311 160 0 0 70336 70336 0 0 
linear_base.1.sm_75.ptx 779 : 3394615 15482222 0 0 0 0 0 0 158822 
linear_base.1.sm_75.ptx 238 : 362496 2227040 0 0 0 0 0 0 0 
linear_base.1.sm_75.ptx 495 : 3394615 2112374923 7838944 0 0 3357140 485715 0 0 
linear_base.1.sm_75.ptx 778 : 3394615 20907599 0 0 0 0 0 0 0 
linear_base.1.sm_75.ptx 237 : 362496 2323424 0 0 0 0 0 0 0 
linear_base.1.sm_75.ptx 494 : 3394615 31069623 0 0 0 0 0 0 0 
linear_base.1.sm_75.ptx 232 : 362496 4721152 0 0 0 0 0 0 0 
linear_base.1.sm_75.ptx 489 : 348385 133812260 3187552 0 0 348264 184010 0 0 
linear_base.1.sm_75.ptx 766 : 348385 2114316 0 0 0 0 0 0 0 
linear_base.1.sm_75.ptx 225 : 362496 5105248 0 0 0 0 0 0 0 
linear_base.1.sm_75.ptx 706 : 542454 2778071 0 0 0 0 0 0 4176 
linear_base.1.sm_75.ptx 165 : 360493 2200924 0 0 0 56300 11273 0 0 
linear_base.1.sm_75.ptx 422 : 326579 99052006 1032288 0 0 324977 173064 0 0 
linear_base.1.sm_75.ptx 705 : 542454 3484420 0 0 0 0 0 0 0 
linear_base.1.sm_75.ptx 164 : 360493 3548629 0 0 0 0 0 0 0 
linear_base.1.sm_75.ptx 421 : 326579 2957376 0 0 0 0 0 0 0 
linear_base.1.sm_75.ptx 704 : 542454 490051628 983904 0 0 460499 33817 0 0 
linear_base.1.sm_75.ptx 163 : 360493 3579797 0 0 0 0 0 0 0 
linear_base.1.sm_75.ptx 703 : 542454 7830197 0 0 0 0 0 0 0 
linear_base.1.sm_75.ptx 162 : 360493 3750076 0 0 0 0 0 0 0 
linear_base.1.sm_75.ptx 419 : 3394615 15750828 0 0 0 0 0 0 134271 
linear_base.1.sm_75.ptx 702 : 542454 25840435 0 0 0 0 0 0 0 
linear_base.1.sm_75.ptx 161 : 360493 2736277 0 0 0 0 0 0 0 
linear_base.1.sm_75.ptx 418 : 3394615 20844067 0 0 0 0 0 0 0 
linear_base.1.sm_75.ptx 824 : 360493 3261461 0 0 0 0 0 0 0 
linear_base.1.sm_75.ptx 283 : 542454 2804309 0 0 0 0 0 0 3037 
linear_base.1.sm_75.ptx 697 : 274071 5475133 0 0 0 0 0 0 0 
linear_base.1.sm_75.ptx 156 : 360493 2415339 0 0 0 0 0 0 0 
linear_base.1.sm_75.ptx 823 : 360493 199232716 9329088 0 0 359269 11273 0 0 
linear_base.1.sm_75.ptx 282 : 542454 3459635 0 0 0 0 0 0 0 
linear_base.1.sm_75.ptx 696 : 274071 7470365 0 0 0 0 0 0 0 
linear_base.1.sm_75.ptx 155 : 360493 169923759 1245600 0 0 45067 11273 0 0 
linear_base.1.sm_75.ptx 822 : 360493 3279157 0 0 0 0 0 0 0 
linear_base.1.sm_75.ptx 281 : 542454 479434696 894496 0 0 460499 33817 0 0 
linear_base.1.sm_75.ptx 695 : 274071 3961670 0 0 0 0 0 0 0 
linear_base.1.sm_75.ptx 154 : 360493 3590197 0 0 0 0 0 0 0 
linear_base.1.sm_75.ptx 709 : 4673 28808 0 0 0 0 0 0 0 
linear_base.1.sm_75.ptx 168 : 362496 2056192 0 0 0 0 0 0 0 
linear_base.1.sm_75.ptx 159 : 362496 10904 0 0 0 0 0 0 12 
linear_base.1.sm_75.ptx 821 : 360493 6751946 0 0 0 359269 11273 0 0 
linear_base.1.sm_75.ptx 280 : 542454 7979877 0 0 0 0 0 0 0 
linear_base.1.sm_75.ptx 153 : 360493 3636206 0 0 0 0 0 0 0 
linear_base.1.sm_75.ptx 820 : 360493 3268885 0 0 0 0 0 0 0 
linear_base.1.sm_75.ptx 279 : 542454 28208968 0 0 0 0 0 0 0 
linear_base.1.sm_75.ptx 693 : 360493 876229 0 0 0 0 0 0 11266 
linear_base.1.sm_75.ptx 152 : 360493 2685708 0 0 0 0 0 0 0 
linear_base.1.sm_75.ptx 691 : 360493 3430916 0 0 0 0 0 0 0 
linear_base.1.sm_75.ptx 150 : 362496 10625 0 0 0 0 0 0 12 
linear_base.1.sm_75.ptx 768 : 348385 3159825 0 0 0 0 0 0 0 
linear_base.1.sm_75.ptx 227 : 362496 2538272 0 0 0 0 0 0 0 
linear_base.1.sm_75.ptx 484 : 3394615 20699713 0 0 0 0 0 0 0 
linear_base.1.sm_75.ptx 100 : 1 6 0 0 0 0 0 0 0 
linear_base.1.sm_75.ptx 357 : 331488 3031849 0 0 0 0 0 0 0 
linear_base.1.sm_75.ptx 767 : 348385 15334895 0 0 0 0 0 0 0 
linear_base.1.sm_75.ptx 226 : 362496 4019904 0 0 0 0 0 0 0 
linear_base.1.sm_75.ptx 483 : 3394615 997171163 16704 0 0 3345597 485715 0 0 
linear_base.1.sm_75.ptx 99 : 1 6 0 0 0 0 0 0 0 
linear_base.1.sm_75.ptx 356 : 331488 3008330 0 0 0 0 0 0 0 
linear_base.1.sm_75.ptx 765 : 348385 163655762 4092384 0 0 348193 184010 0 0 
linear_base.1.sm_75.ptx 224 : 362496 4882368 0 0 0 0 0 0 0 
linear_base.1.sm_75.ptx 97 : 1 0 0 0 0 0 0 0 0 
linear_base.1.sm_75.ptx 354 : 360493 149752 0 0 0 0 0 0 9157 
linear_base.1.sm_75.ptx 764 : 348385 3155306 0 0 0 0 0 0 0 
linear_base.1.sm_75.ptx 223 : 362496 4715648 0 0 0 0 0 0 0 
linear_base.1.sm_75.ptx 96 : 1 6 0 0 0 0 0 0 0 
linear_base.1.sm_75.ptx 353 : 360493 2203357 0 0 0 0 0 0 0 
linear_base.1.sm_75.ptx 90 : 1 3 0 0 0 0 0 0 0 
linear_base.1.sm_75.ptx 347 : 542454 3304855 0 0 0 0 0 0 0 
linear_base.1.sm_75.ptx 690 : 360493 4856078 0 0 0 0 0 0 0 
linear_base.1.sm_75.ptx 149 : 362496 2438720 0 0 0 0 0 0 0 
linear_base.1.sm_75.ptx 69 : 456704 2853664 0 0 0 0 0 0 0 
linear_base.1.sm_75.ptx 53 : 456704 3961824 0 0 0 0 0 0 0 
linear_base.1.sm_75.ptx 567 : 131606 800675 0 0 0 0 0 0 0 
linear_base.1.sm_75.ptx 239 : 362496 2248352 0 0 0 0 0 0 0 
linear_base.1.sm_75.ptx 496 : 3394615 20930185 0 0 0 0 0 0 0 
linear_base.1.sm_75.ptx 653 : 362496 10758560 0 0 0 0 0 0 0 
linear_base.1.sm_75.ptx 112 : 1 6 0 0 0 0 0 0 0 
linear_base.1.sm_75.ptx 369 : 62408 377936 0 0 0 0 0 0 0 
linear_base.1.sm_75.ptx 763 : 348385 2110988 0 0 0 0 0 0 0 
linear_base.1.sm_75.ptx 222 : 362496 7382784 0 0 0 0 0 0 0 
linear_base.1.sm_75.ptx 95 : 1 6 0 0 0 0 0 0 0 
linear_base.1.sm_75.ptx 352 : 360493 3295349 0 0 0 0 0 0 0 
linear_base.1.sm_75.ptx 66 : 456626 2944236 0 0 0 57079 14270 0 0 
linear_base.1.sm_75.ptx 580 : 131194 801063 0 0 0 0 0 0 0 
linear_base.1.sm_75.ptx 54 : 456704 6255392 0 0 0 0 0 0 0 
linear_base.1.sm_75.ptx 568 : 131606 2088 0 0 0 0 0 0 244 
linear_base.1.sm_75.ptx 781 : 380441 142249537 1794912 0 0 378716 199880 0 0 
linear_base.1.sm_75.ptx 240 : 362496 2265760 0 0 0 0 0 0 0 
linear_base.1.sm_75.ptx 497 : 3394615 17025381 0 0 0 0 0 0 64064 
linear_base.1.sm_75.ptx 654 : 362496 4837536 0 0 0 0 0 0 0 
linear_base.1.sm_75.ptx 113 : 1 6 0 0 0 0 0 0 0 
linear_base.1.sm_75.ptx 370 : 62408 1518 0 0 0 0 0 0 152 
linear_base.1.sm_75.ptx 55 : 456704 3591552 0 0 0 0 0 0 0 
linear_base.1.sm_75.ptx 782 : 380441 2306459 0 0 0 0 0 0 0 
linear_base.1.sm_75.ptx 241 : 362496 3756288 0 0 0 0 0 0 0 
linear_base.1.sm_75.ptx 655 : 362496 4844800 0 0 0 0 0 0 0 
linear_base.1.sm_75.ptx 114 : 1 9 0 0 0 0 0 0 0 
linear_base.1.sm_75.ptx 626 : 3394615 30801613 0 0 0 0 0 0 0 
linear_base.1.sm_75.ptx 85 : 1 3 0 0 0 0 0 0 0 
linear_base.1.sm_75.ptx 685 : 360493 7982869 0 0 0 0 0 0 0 
linear_base.1.sm_75.ptx 144 : 362496 2228608 0 0 0 0 0 0 0 
linear_base.1.sm_75.ptx 56 : 456704 2878272 0 0 0 0 0 0 0 
linear_base.1.sm_75.ptx 570 : 131194 31770633 0 0 0 131194 98338 0 0 
linear_base.1.sm_75.ptx 783 : 380441 3458175 0 0 0 0 0 0 0 
linear_base.1.sm_75.ptx 242 : 362496 90476736 704 0 0 11328 11328 0 0 
linear_base.1.sm_75.ptx 499 : 91228 473838 0 0 0 0 0 0 0 
linear_base.1.sm_75.ptx 656 : 362496 4868960 0 0 0 0 0 0 0 
linear_base.1.sm_75.ptx 115 : 1 9 0 0 0 0 0 0 0 
linear_base.1.sm_75.ptx 372 : 62108 14871043 0 0 0 62108 48629 0 0 
linear_base.1.sm_75.ptx 627 : 3394615 15991102 0 0 0 0 0 0 157279 
linear_base.1.sm_75.ptx 86 : 1 3 0 0 0 0 0 0 0 
linear_base.1.sm_75.ptx 813 : 3394615 20847661 0 0 0 0 0 0 0 
linear_base.1.sm_75.ptx 272 : 274071 3376280 0 0 0 0 0 0 0 
linear_base.1.sm_75.ptx 686 : 360493 8067458 0 0 0 0 0 0 0 
linear_base.1.sm_75.ptx 145 : 362496 2369408 0 0 0 0 0 0 0 
linear_base.1.sm_75.ptx 57 : 456704 2825792 0 0 0 0 0 0 0 
linear_base.1.sm_75.ptx 571 : 131194 8072251 0 0 0 98338 98338 0 0 
linear_base.1.sm_75.ptx 784 : 380441 182715610 4804544 0 0 380280 199880 0 0 
linear_base.1.sm_75.ptx 243 : 362496 2346816 0 0 0 0 0 0 0 
linear_base.1.sm_75.ptx 500 : 91228 27057806 1888 0 0 91225 70496 0 0 
linear_base.1.sm_75.ptx 87 : 1 3 0 0 0 0 0 0 0 
linear_base.1.sm_75.ptx 344 : 542454 4924185 0 0 0 0 0 0 0 
linear_base.1.sm_75.ptx 814 : 3394615 30986937 0 0 0 0 0 0 0 
linear_base.1.sm_75.ptx 273 : 274071 6466563 0 0 0 0 0 0 0 
linear_base.1.sm_75.ptx 687 : 360493 10486485 0 0 0 0 0 0 0 
linear_base.1.sm_75.ptx 146 : 362496 3843328 0 0 0 0 0 0 0 
linear_base.1.sm_75.ptx 58 : 456704 5083104 0 0 0 0 0 0 0 
linear_base.1.sm_75.ptx 572 : 131194 797842 0 0 0 0 0 0 0 
linear_base.1.sm_75.ptx 785 : 380441 2310939 0 0 0 0 0 0 0 
linear_base.1.sm_75.ptx 244 : 362496 2365312 0 0 0 0 0 0 0 
linear_base.1.sm_75.ptx 501 : 91228 553289 0 0 0 0 0 0 0 
linear_base.1.sm_75.ptx 658 : 362496 4803168 0 0 0 0 0 0 0 
linear_base.1.sm_75.ptx 117 : 1 4 0 0 0 1 1 0 0 
linear_base.1.sm_75.ptx 374 : 62108 375549 0 0 0 0 0 0 0 
linear_base.1.sm_75.ptx 88 : 1 3 0 0 0 0 0 0 0 
linear_base.1.sm_75.ptx 345 : 542454 5466953 0 0 0 0 0 0 0 
linear_base.1.sm_75.ptx 815 : 3394615 15799693 0 0 0 0 0 0 157279 
linear_base.1.sm_75.ptx 274 : 274071 4098898 0 0 0 0 0 0 0 
linear_base.1.sm_75.ptx 688 : 360493 6034850 0 0 0 0 0 0 0 
linear_base.1.sm_75.ptx 147 : 362496 43902336 0 0 0 11328 11328 0 0 
linear_base.1.sm_75.ptx 59 : 456704 3425504 0 0 0 0 0 0 0 
linear_base.1.sm_75.ptx 573 : 131194 0 0 0 0 0 0 0 0 
linear_base.1.sm_75.ptx 786 : 380441 16746066 0 0 0 0 0 0 0 
linear_base.1.sm_75.ptx 245 : 362496 11132 0 0 0 0 0 0 12 
linear_base.1.sm_75.ptx 502 : 91228 1811 0 0 0 0 0 0 191 
linear_base.1.sm_75.ptx 659 : 362496 4790784 0 0 0 0 0 0 0 
linear_base.1.sm_75.ptx 118 : 1 10 0 0 0 0 0 0 0 
linear_base.1.sm_75.ptx 375 : 62108 0 0 0 0 0 0 0 0 
linear_base.1.sm_75.ptx 630 : 362496 1948032 0 0 0 0 0 0 0 
linear_base.1.sm_75.ptx 89 : 1 3 0 0 0 0 0 0 0 
linear_base.1.sm_75.ptx 346 : 542454 5983019 0 0 0 0 0 0 0 
linear_base.1.sm_75.ptx 689 : 360493 5958948 0 0 0 0 0 0 0 
linear_base.1.sm_75.ptx 148 : 362496 2605312 0 0 0 0 0 0 0 
linear_base.1.sm_75.ptx 60 : 456704 468 0 0 0 0 0 0 1 
linear_base.1.sm_75.ptx 660 : 362496 4905344 0 0 0 0 0 0 0 
linear_base.1.sm_75.ptx 119 : 1 5 0 0 0 0 0 0 0 
linear_base.1.sm_75.ptx 91 : 1 5 0 0 0 0 0 0 0 
linear_base.1.sm_75.ptx 348 : 542454 1394819 0 0 0 0 0 0 22538 
linear_base.1.sm_75.ptx 62 : 456626 3353950 0 0 0 0 0 0 0 
linear_base.1.sm_75.ptx 576 : 131194 1186457 0 0 0 0 0 0 0 
linear_base.1.sm_75.ptx 92 : 1 5 0 0 0 0 0 0 0 
linear_base.1.sm_75.ptx 63 : 456626 4700852 0 0 0 0 0 0 0 
linear_base.1.sm_75.ptx 577 : 131194 745894 0 0 0 105243 98338 0 0 
linear_base.1.sm_75.ptx 93 : 1 9 0 0 0 0 0 0 0 
linear_base.1.sm_75.ptx 64 : 456626 4616418 0 0 0 0 0 0 0 
linear_base.1.sm_75.ptx 250 : 360493 145904698 913984 0 0 45067 11273 0 0 
linear_base.1.sm_75.ptx 507 : 90873 0 0 0 0 0 0 0 0 
linear_base.1.sm_75.ptx 664 : 362496 2302080 0 0 0 0 0 0 0 
linear_base.1.sm_75.ptx 123 : 1 5 0 0 0 0 0 0 0 
linear_base.1.sm_75.ptx 762 : 348385 126877916 1473920 0 0 346669 184010 0 0 
linear_base.1.sm_75.ptx 221 : 362496 5419520 0 0 0 0 0 0 0 
linear_base.1.sm_75.ptx 94 : 1 7 0 0 0 0 0 0 0 
linear_base.1.sm_75.ptx 351 : 360493 2203662 0 0 0 0 0 0 0 
linear_base.1.sm_75.ptx 65 : 456626 3585662 0 0 0 0 0 0 0 
linear_base.1.sm_75.ptx 769 : 348385 170270615 4747456 0 0 348193 184010 0 0 
linear_base.1.sm_75.ptx 228 : 362496 2298368 0 0 0 0 0 0 0 
linear_base.1.sm_75.ptx 485 : 3394615 15637361 0 0 0 0 0 0 144290 
linear_base.1.sm_75.ptx 101 : 1 205 0 0 0 1 1 0 0 
linear_base.1.sm_75.ptx 615 : 3394615 1128408245 42848 0 0 3363719 485715 0 0 
linear_base.1.sm_75.ptx 770 : 348385 3143809 0 0 0 0 0 0 0 
linear_base.1.sm_75.ptx 229 : 362496 4827136 0 0 0 0 0 0 0 
linear_base.1.sm_75.ptx 102 : 1 239 0 0 0 1 1 0 0 
linear_base.1.sm_75.ptx 616 : 3394615 20674176 0 0 0 0 0 0 0 
linear_base.1.sm_75.ptx 771 : 348385 3490964 0 0 0 0 0 0 0 
linear_base.1.sm_75.ptx 230 : 362496 4887936 0 0 0 0 0 0 0 
linear_base.1.sm_75.ptx 487 : 348385 3154766 0 0 0 0 0 0 0 
linear_base.1.sm_75.ptx 103 : 1 6 0 0 0 0 0 0 0 
linear_base.1.sm_75.ptx 360 : 3394615 2690487859 26478368 0 0 3394596 485715 0 0 
linear_base.1.sm_75.ptx 617 : 3394615 15199275 0 0 0 0 0 0 182024 
linear_base.1.sm_75.ptx 231 : 362496 5511840 0 0 0 0 0 0 0 
linear_base.1.sm_75.ptx 488 : 348385 108479904 1213920 0 0 346669 184010 0 0 
linear_base.1.sm_75.ptx 104 : 1 0 0 0 0 0 0 0 0 
linear_base.1.sm_75.ptx 361 : 3394615 31107680 0 0 0 0 0 0 0 
linear_base.1.sm_75.ptx 774 : 3394615 3090647405 23962784 0 0 3394592 485715 0 0 
linear_base.1.sm_75.ptx 233 : 362496 4445376 0 0 0 0 0 0 0 
linear_base.1.sm_75.ptx 106 : 1 6 0 0 0 0 0 0 0 
linear_base.1.sm_75.ptx 363 : 3394615 2012218186 5431584 0 0 3324942 485715 0 0 
linear_base.1.sm_75.ptx 620 : 435283 146383096 2223904 0 0 433387 225229 0 0 
linear_base.1.sm_75.ptx 775 : 3394615 31072385 0 0 0 0 0 0 0 
linear_base.1.sm_75.ptx 234 : 362496 4433472 0 0 0 0 0 0 0 
linear_base.1.sm_75.ptx 107 : 1 9 0 0 0 0 0 0 0 
linear_base.1.sm_75.ptx 364 : 3394615 20919275 0 0 0 0 0 0 0 
linear_base.1.sm_75.ptx 621 : 435283 178338363 5115040 0 0 435188 225229 0 0 
linear_base.1.sm_75.ptx 776 : 3394615 30763785 0 0 0 0 0 0 0 
linear_base.1.sm_75.ptx 235 : 362496 2746688 0 0 0 0 0 0 0 
linear_base.1.sm_75.ptx 492 : 3394615 2644050820 22519552 0 0 3394592 485715 0 0 
linear_base.1.sm_75.ptx 108 : 1 9 0 0 0 0 0 0 0 
linear_base.1.sm_75.ptx 365 : 3394615 17177300 0 0 0 0 0 0 43545 
linear_base.1.sm_75.ptx 777 : 3394615 2625504295 11070016 0 0 3357140 485715 0 0 
linear_base.1.sm_75.ptx 236 : 362496 2488992 0 0 0 0 0 0 0 
linear_base.1.sm_75.ptx 493 : 3394615 31069751 0 0 0 0 0 0 0 
linear_base.1.sm_75.ptx 109 : 1 4 0 0 0 1 1 0 0 
linear_base.1.sm_75.ptx 788 : 380441 190048136 5516704 0 0 380280 199880 0 0 
linear_base.1.sm_75.ptx 247 : 360493 2545307 0 0 0 0 0 0 0 
linear_base.1.sm_75.ptx 504 : 90873 21844615 0 0 0 90873 70336 0 0 
linear_base.1.sm_75.ptx 661 : 362496 3865408 0 0 0 0 0 0 0 
linear_base.1.sm_75.ptx 120 : 1 4 0 0 0 1 1 0 0 
linear_base.1.sm_75.ptx 377 : 62108 562572 0 0 0 0 0 0 0 
linear_base.1.sm_75.ptx 806 : 435283 3951458 0 0 0 0 0 0 0 
linear_base.1.sm_75.ptx 265 : 360493 10881717 0 0 0 0 0 0 0 
linear_base.1.sm_75.ptx 679 : 360493 616057730 7963712 0 0 359657 11273 0 0 
linear_base.1.sm_75.ptx 138 : 362496 4620384 0 0 0 0 0 0 0 
linear_base.1.sm_75.ptx 807 : 435283 223412385 6914112 0 0 435127 225229 0 0 
linear_base.1.sm_75.ptx 266 : 360493 6676610 0 0 0 0 0 0 0 
linear_base.1.sm_75.ptx 680 : 360493 573282629 3231648 0 0 359690 11273 0 0 
linear_base.1.sm_75.ptx 139 : 362496 6271328 0 0 0 0 0 0 0 
linear_base.1.sm_75.ptx 808 : 435283 3931146 0 0 0 0 0 0 0 
linear_base.1.sm_75.ptx 267 : 360493 8233678 0 0 0 0 0 0 0 
linear_base.1.sm_75.ptx 681 : 360493 42094798 0 0 0 0 0 0 0 
linear_base.1.sm_75.ptx 140 : 362496 4540928 0 0 0 0 0 0 0 
linear_base.1.sm_75.ptx 809 : 435283 4362878 0 0 0 0 0 0 0 
linear_base.1.sm_75.ptx 268 : 360493 4785116 0 0 0 0 0 0 0 
linear_base.1.sm_75.ptx 682 : 360493 9900206 0 0 0 0 0 0 0 
linear_base.1.sm_75.ptx 141 : 362496 4864800 0 0 0 0 0 0 0 
linear_base.1.sm_75.ptx 269 : 360493 3315130 0 0 0 0 0 0 0 
linear_base.1.sm_75.ptx 683 : 360493 0 0 0 0 0 0 0 0 
linear_base.1.sm_75.ptx 142 : 362496 3841312 0 0 0 0 0 0 0 
linear_base.1.sm_75.ptx 270 : 360493 979884 0 0 0 0 0 0 11266 
linear_base.1.sm_75.ptx 143 : 362496 2316064 0 0 0 0 0 0 0 
linear_base.1.sm_75.ptx 285 : 3352 17910 0 0 0 0 0 0 0 
linear_base.1.sm_75.ptx 286 : 3352 961073 160 0 0 3352 3039 0 0 
linear_base.1.sm_75.ptx 828 : 362496 1893568 0 0 0 0 0 0 0 
linear_base.1.sm_75.ptx 287 : 3352 20454 0 0 0 0 0 0 0 
linear_base.1.sm_75.ptx 288 : 3352 312 0 0 0 0 0 0 15 
linear_base.1.sm_75.ptx 290 : 3291 830008 128 0 0 3291 2995 0 0 
linear_base.1.sm_75.ptx 291 : 3291 598030 192 0 0 2995 2995 0 0 
linear_base.1.sm_75.ptx 292 : 3291 19967 0 0 0 0 0 0 0 
linear_base.1.sm_75.ptx 549 : 3394615 1050620157 26496 0 0 3357140 485715 0 0 
linear_base.1.sm_75.ptx 293 : 3291 0 0 0 0 0 0 0 0 
linear_base.1.sm_75.ptx 550 : 3394615 20827299 0 0 0 0 0 0 0 
linear_base.1.sm_75.ptx 295 : 3291 30019 0 0 0 0 0 0 0 
linear_base.1.sm_75.ptx 296 : 3291 30124 0 0 0 0 0 0 0 
linear_base.1.sm_75.ptx 553 : 380441 3445570 0 0 0 0 0 0 0 
linear_base.1.sm_75.ptx 297 : 3291 28966 0 0 0 3030 2995 0 0 
linear_base.1.sm_75.ptx 554 : 380441 121635340 1511552 0 0 378716 199880 0 0 
linear_base.1.sm_75.ptx 300 : 3291 20961 0 0 0 0 0 0 0 
linear_base.1.sm_75.ptx 301 : 3291 17332 0 0 0 0 0 0 0 
linear_base.1.sm_75.ptx 558 : 3394615 2626706652 23050560 0 0 3394591 485715 0 0 
linear_base.1.sm_75.ptx 335 : 542454 55083962 1920 0 0 460499 33817 0 0 
linear_base.1.sm_75.ptx 336 : 542454 3319659 0 0 0 0 0 0 0 
linear_base.1.sm_75.ptx 337 : 542454 2789053 0 0 0 0 0 0 4176 
linear_base.1.sm_75.ptx 339 : 4673 42643 0 0 0 0 0 0 0 
linear_base.1.sm_75.ptx 340 : 4673 2952108 114624 0 0 4665 4178 0 0 
linear_base.1.sm_75.ptx 341 : 4673 2735423 92800 0 0 4671 4178 0 0 
linear_base.1.sm_75.ptx 362 : 3394615 31058532 0 0 0 0 0 0 0 
linear_base.1.sm_75.ptx 619 : 435283 3942732 0 0 0 0 0 0 0 
linear_base.1.sm_75.ptx 367 : 62408 323921 0 0 0 0 0 0 0 
linear_base.1.sm_75.ptx 368 : 62408 18307425 832 0 0 62403 48775 0 0 
linear_base.1.sm_75.ptx 378 : 62108 560138 0 0 0 0 0 0 0 
linear_base.1.sm_75.ptx 379 : 62108 326118 0 0 0 51539 48629 0 0 
linear_base.1.sm_75.ptx 382 : 62108 377180 0 0 0 0 0 0 0 
linear_base.1.sm_75.ptx 383 : 62108 317392 0 0 0 0 0 0 0 
linear_base.1.sm_75.ptx 417 : 3394615 927533513 11744 0 0 3324942 485715 0 0 
linear_base.1.sm_75.ptx 423 : 326579 122646215 2763872 0 0 326458 173064 0 0 
linear_base.1.sm_75.ptx 426 : 3394615 2643483825 22379488 0 0 3394592 485715 0 0 
linear_base.1.sm_75.ptx 427 : 3394615 30990219 0 0 0 0 0 0 0 
linear_base.1.sm_75.ptx 428 : 3394615 31050152 0 0 0 0 0 0 0 
linear_base.1.sm_75.ptx 429 : 3394615 2069746768 6444384 0 0 3345597 485715 0 0 
linear_base.1.sm_75.ptx 430 : 3394615 20924068 0 0 0 0 0 0 0 
linear_base.1.sm_75.ptx 431 : 3394615 17154451 0 0 0 0 0 0 51446 
linear_base.1.sm_75.ptx 433 : 73372 381031 0 0 0 0 0 0 0 
linear_base.1.sm_75.ptx 434 : 73372 21528206 960 0 0 73365 57055 0 0 
linear_base.1.sm_75.ptx 435 : 73372 444914 0 0 0 0 0 0 0 
linear_base.1.sm_75.ptx 436 : 73372 1754 0 0 0 0 0 0 170 
linear_base.1.sm_75.ptx 438 : 73026 17573033 0 0 0 73026 56883 0 0 
linear_base.1.sm_75.ptx 439 : 73026 3794509 0 0 0 56883 56883 0 0 
linear_base.1.sm_75.ptx 440 : 73026 441718 0 0 0 0 0 0 0 
linear_base.1.sm_75.ptx 441 : 73026 0 0 0 0 0 0 0 0 
linear_base.1.sm_75.ptx 443 : 73026 662129 0 0 0 0 0 0 0 
linear_base.1.sm_75.ptx 444 : 73026 659150 0 0 0 0 0 0 0 
linear_base.1.sm_75.ptx 445 : 73026 388987 0 0 0 60512 56883 0 0 
linear_base.1.sm_75.ptx 448 : 73026 443278 0 0 0 0 0 0 0 
linear_base.1.sm_75.ptx 449 : 73026 374359 0 0 0 0 0 0 0 
linear_base.1.sm_75.ptx 509 : 90873 823977 0 0 0 0 0 0 0 
linear_base.1.sm_75.ptx 510 : 90873 820074 0 0 0 0 0 0 0 
linear_base.1.sm_75.ptx 551 : 3394615 15463302 0 0 0 0 0 0 158822 
linear_base.1.sm_75.ptx 555 : 380441 149567735 3860736 0 0 380338 199880 0 0 
linear_base.1.sm_75.ptx 559 : 3394615 30980480 0 0 0 0 0 0 0 
linear_base.1.sm_75.ptx 560 : 3394615 31038258 0 0 0 0 0 0 0 
linear_base.1.sm_75.ptx 561 : 3394615 2139171215 9723584 0 0 3363719 485715 0 0 
linear_base.1.sm_75.ptx 562 : 3394615 20882786 0 0 0 0 0 0 0 
linear_base.1.sm_75.ptx 563 : 3394615 16801253 0 0 0 0 0 0 90628 
linear_base.1.sm_75.ptx 565 : 131606 684445 0 0 0 0 0 0 0 
linear_base.1.sm_75.ptx 566 : 131606 38793322 3200 0 0 131601 98501 0 0 
linear_base.1.sm_75.ptx 575 : 131194 1190003 0 0 0 0 0 0 0 
linear_base.1.sm_75.ptx 581 : 131194 673661 0 0 0 0 0 0 0 
